0.13228 0.01311
0.60477 0.04725
3.78984 0.31851
4.86553 0.10757
13.68944 0.88239
16.80735 0.31179
16.80877 0.00014
16.96800 0.01592
16.96812 0.00001
17.12889 0.01608
17.12900 0.00001
17.12913 0.00001
17.13032 0.00012
17.13260 0.00023
17.29127 0.01587
17.29136 0.00001
17.29147 0.00001
17.29157 0.00001
17.29176 0.00002
17.29308 0.00013
17.29493 0.00019
17.45067 0.01557
17.45231 0.00016
17.45241 0.00001
17.45268 0.00003
17.45297 0.00003
17.45491 0.00019
17.45501 0.00001
17.45623 0.00012
17.45653 0.00003
17.45674 0.00002
17.45866 0.00019
17.45882 0.00002
17.46211 0.00033
17.46402 0.00019
17.61093 0.01469
17.61480 0.00039
17.61491 0.00001
17.61498 0.00001
17.61508 0.00001
17.61513 0.00000
17.61518 0.00001
17.61683 0.00017
17.61688 0.00000
17.61707 0.00002
17.61721 0.00001
17.61729 0.00001
17.62109 0.00038
17.62269 0.00016
17.62279 0.00001
17.62283 0.00000
17.62291 0.00001
17.62309 0.00002
17.62619 0.00031
17.62865 0.00025
17.78667 0.01580
17.78855 0.00019
17.79394 0.00054
17.79531 0.00014
17.80537 0.00101
17.80897 0.00036
17.81354 0.00046
17.81565 0.00021
17.82122 0.00056
17.82411 0.00029
17.82986 0.00058
17.83261 0.00027
17.83560 0.00030
17.83920 0.00036
17.84577 0.00066
17.99869 0.01529
18.00127 0.00026
18.00828 0.00070
18.00834 0.00001
18.01058 0.00022
18.01918 0.00086
18.02258 0.00034
18.02647 0.00039
18.02972 0.00033
18.03384 0.00041
18.03769 0.00039
18.04655 0.00089
18.04927 0.00027
18.04933 0.00001
18.05154 0.00022
18.05447 0.00029
18.05726 0.00028
18.21430 0.01570
18.21669 0.00024
18.22309 0.00064
18.22555 0.00025
18.23443 0.00089
18.23793 0.00035
18.24141 0.00035
18.24462 0.00032
18.24788 0.00033
18.25102 0.00031
18.25352 0.00025
18.25657 0.00030
18.26615 0.00096
18.26638 0.00002
18.26851 0.00021
18.27150 0.00030
18.27485 0.00033
18.37199 0.00971
18.43491 0.00629
18.43505 0.00001
18.43977 0.00047
18.44101 0.00012
18.44453 0.00035
18.45574 0.00112
18.45906 0.00033
18.46327 0.00042
18.46664 0.00034
18.47001 0.00034
18.47356 0.00036
18.47729 0.00037
18.48741 0.00101
18.48779 0.00004
18.48786 0.00001
18.49035 0.00025
18.49363 0.00033
18.50120 0.00076
18.65424 0.01530
18.65499 0.00008
18.66041 0.00054
18.66179 0.00014
18.66531 0.00035
18.67426 0.00089
18.67738 0.00031
18.68004 0.00027
18.68392 0.00039
18.68748 0.00036
18.69083 0.00034
18.69426 0.00034
18.69754 0.00033
18.70561 0.00081
18.70788 0.00023
18.71131 0.00034
18.71700 0.00057
18.72027 0.00033
18.81887 0.00986
18.87990 0.00610
18.88175 0.00018
18.88530 0.00036
18.88894 0.00036
18.89175 0.00028
18.90045 0.00087
18.90367 0.00032
18.90723 0.00036
18.91116 0.00039
18.91484 0.00037
18.91844 0.00036
18.92211 0.00037
18.92524 0.00031
18.93324 0.00080
18.93552 0.00023
18.93846 0.00029
18.94208 0.00036
18.94540 0.00033
18.95357 0.00082
19.10870 0.01551
19.11052 0.00018
19.11440 0.00039
19.11649 0.00021
19.11976 0.00033
19.12604 0.00063
19.12983 0.00038
19.13335 0.00035
19.13618 0.00028
19.13985 0.00037
19.14312 0.00033
19.14580 0.00027
19.14880 0.00030
19.15174 0.00029
19.15465 0.00029
19.16362 0.00090
19.16381 0.00002
19.16758 0.00038
19.17098 0.00034
19.17493 0.00039
19.17821 0.00033
19.27920 0.01010
19.34118 0.00620
19.34126 0.00001
19.34532 0.00041
19.34692 0.00016
19.34990 0.00030
19.35285 0.00030
19.35926 0.00064
19.36244 0.00032
19.36572 0.00033
19.36871 0.00030
19.37214 0.00034
19.37585 0.00037
19.37900 0.00032
19.38198 0.00030
19.38546 0.00035
19.39365 0.00082
19.39697 0.00033
19.39967 0.00027
19.40268 0.00030
19.40582 0.00031
19.41327 0.00075
19.41577 0.00025
19.41818 0.00024
19.57544 0.01573
19.57586 0.00004
19.57643 0.00006
19.57835 0.00019
19.58228 0.00039
19.58524 0.00030
19.58806 0.00028
19.59412 0.00061
19.59767 0.00036
19.60074 0.00031
19.60410 0.00034
19.60673 0.00026
19.61043 0.00037
19.61346 0.00030
19.61696 0.00035
19.61988 0.00029
19.62253 0.00027
19.62608 0.00036
19.63464 0.00086
19.63602 0.00014
19.63936 0.00033
19.64227 0.00029
19.80459 0.01623
19.80542 0.00008
19.80710 0.00017
19.81147 0.00044
19.81563 0.00042
19.82131 0.00057
19.82483 0.00035
19.82773 0.00029
19.83461 0.00069
19.83777 0.00032
19.84150 0.00037
19.84495 0.00035
19.84866 0.00037
19.85217 0.00035
19.85569 0.00035
19.86021 0.00045
19.86311 0.00029
19.86657 0.00035
19.87529 0.00087
19.87767 0.00024
19.88086 0.00032
19.88411 0.00033
19.97458 0.00905
20.04881 0.00742
20.04900 0.00002
20.04907 0.00001
20.05050 0.00014
20.05340 0.00029
20.05810 0.00047
20.06020 0.00021
20.06364 0.00034
20.06682 0.00032
20.07005 0.00032
20.07328 0.00032
20.08004 0.00068
20.08297 0.00029
20.08607 0.00031
20.08929 0.00032
20.09252 0.00032
20.09602 0.00035
20.09905 0.00030
20.10187 0.00028
20.10424 0.00024
20.11093 0.00067
20.11111 0.00002
20.11429 0.00032
20.12022 0.00059
20.12346 0.00032
20.12661 0.00031
20.12932 0.00027
20.13230 0.00030
20.29367 0.01614
20.29588 0.00022
20.29605 0.00002
20.29626 0.00002
20.29968 0.00034
20.30271 0.00030
20.30673 0.00040
20.31012 0.00034
20.31352 0.00034
20.31689 0.00034
20.32008 0.00032
20.32477 0.00047
20.32913 0.00044
20.33267 0.00035
20.33634 0.00037
20.33884 0.00025
20.34319 0.00043
20.34733 0.00041
20.35369 0.00064
20.35666 0.00030
20.36122 0.00046
20.36739 0.00062
20.37012 0.00027
20.37384 0.00037
20.37735 0.00035
20.38051 0.00032
20.54532 0.01648
20.54785 0.00025
20.54856 0.00007
20.54891 0.00004
20.54996 0.00010
20.55348 0.00035
20.55613 0.00027
20.55896 0.00028
20.56210 0.00031
20.56502 0.00029
20.56809 0.00031
20.57139 0.00033
20.57493 0.00035
20.57808 0.00032
20.58098 0.00029
20.59203 0.00110
20.59243 0.00004
20.59633 0.00039
20.59938 0.00031
20.60263 0.00033
20.60654 0.00039
20.61151 0.00050
20.61429 0.00028
20.61710 0.00028
20.61995 0.00029
20.62288 0.00029
20.62552 0.00026
20.62870 0.00032
20.63174 0.00030
20.63503 0.00033
20.80053 0.01655
20.80059 0.00001
20.80072 0.00001
20.80088 0.00002
20.80206 0.00012
20.80505 0.00030
20.80848 0.00034
20.81196 0.00035
20.81497 0.00030
20.81849 0.00035
20.82155 0.00031
20.82494 0.00034
20.82852 0.00036
20.83146 0.00029
20.83532 0.00039
20.83863 0.00033
20.84955 0.00109
20.85169 0.00021
20.85593 0.00042
20.85991 0.00040
20.86353 0.00036
20.86663 0.00031
20.86959 0.00030
20.87327 0.00037
20.87649 0.00032
20.88003 0.00035
20.88330 0.00033
20.88771 0.00044
20.89553 0.00078
20.89877 0.00032
21.06055 0.01618
21.06088 0.00003
21.06094 0.00001
21.06301 0.00021
21.06666 0.00036
21.07114 0.00045
21.07481 0.00037
21.07876 0.00040
21.08186 0.00031
21.08577 0.00039
21.08859 0.00028
21.09171 0.00031
21.09533 0.00036
21.09846 0.00031
21.10794 0.00095
21.10958 0.00016
21.11381 0.00042
21.11721 0.00034
21.12068 0.00035
21.12363 0.00029
21.12671 0.00031
21.13010 0.00034
21.13385 0.00037
21.13750 0.00036
21.14114 0.00036
21.14615 0.00050
21.14949 0.00033
21.15373 0.00042
21.32189 0.01682
21.32194 0.00001
21.32201 0.00001
21.32206 0.00000
21.32236 0.00003
21.32596 0.00036
21.32988 0.00039
21.33287 0.00030
21.33678 0.00039
21.34069 0.00039
21.34390 0.00032
21.34764 0.00037
21.35046 0.00028
21.35350 0.00030
21.35695 0.00034
21.36581 0.00089
21.36917 0.00034
21.37195 0.00028
21.37501 0.00031
21.37872 0.00037
21.38125 0.00025
21.38384 0.00026
21.38880 0.00050
21.39147 0.00027
21.39499 0.00035
21.39852 0.00035
21.40133 0.00028
21.40442 0.00031
21.40698 0.00026
21.41068 0.00037
21.41394 0.00033
21.41657 0.00026
21.58202 0.01654
21.58209 0.00001
21.58217 0.00001
21.58223 0.00001
21.58464 0.00024
21.58819 0.00036
21.59132 0.00031
21.59506 0.00037
21.59892 0.00039
21.60265 0.00037
21.60665 0.00040
21.61046 0.00038
21.61326 0.00028
21.61737 0.00041
21.62940 0.00120
21.63045 0.00011
21.63464 0.00042
21.63887 0.00042
21.64258 0.00037
21.64713 0.00046
21.65018 0.00030
21.65350 0.00033
21.65906 0.00056
21.66875 0.00097
21.67380 0.00051
21.84181 0.01680
21.84194 0.00001
21.84203 0.00001
21.84232 0.00003
21.84681 0.00045
21.85082 0.00040
21.85521 0.00044
21.85870 0.00035
21.86252 0.00038
21.86627 0.00037
21.86948 0.00032
21.87353 0.00041
21.88686 0.00133
21.88697 0.00001
21.89016 0.00032
21.89393 0.00038
21.89744 0.00035
21.90073 0.00033
21.90434 0.00036
21.90811 0.00038
21.91334 0.00052
21.91704 0.00037
21.92060 0.00036
21.92434 0.00037
21.92783 0.00035
22.09318 0.01653
22.09323 0.00001
22.09356 0.00003
22.09377 0.00002
22.09657 0.00028
22.10116 0.00046
22.10420 0.00030
22.10866 0.00045
22.11267 0.00040
22.11621 0.00035
22.11979 0.00036
22.12290 0.00031
22.12615 0.00033
22.13037 0.00042
22.14253 0.00122
22.14530 0.00028
22.14953 0.00042
22.15363 0.00041
22.15766 0.00040
22.16076 0.00031
22.16453 0.00038
22.16847 0.00039
22.17195 0.00035
22.17600 0.00040
22.17905 0.00031
22.18194 0.00029
22.18557 0.00036
22.18920 0.00036
22.35563 0.01664
22.35577 0.00001
22.35586 0.00001
22.35594 0.00001
22.35766 0.00017
22.36150 0.00038
22.36460 0.00031
22.36790 0.00033
22.37183 0.00039
22.37555 0.00037
22.37914 0.00036
22.38286 0.00037
22.38663 0.00038
22.39037 0.00037
22.40177 0.00114
22.40515 0.00034
22.40901 0.00039
22.41284 0.00038
22.41662 0.00038
22.42177 0.00051
22.42616 0.00044
22.43077 0.00046
22.43527 0.00045
22.43857 0.00033
22.44179 0.00032
22.44480 0.00030
22.60934 0.01645
22.60944 0.00001
22.60950 0.00001
22.60955 0.00000
22.61244 0.00029
22.61608 0.00036
22.61962 0.00035
22.62298 0.00034
22.62636 0.00034
22.63007 0.00037
22.63314 0.00031
22.63720 0.00041
22.64079 0.00036
22.64417 0.00034
22.64842 0.00042
22.66043 0.00120
22.66180 0.00014
22.66495 0.00032
22.66836 0.00034
22.67200 0.00036
22.67585 0.00038
22.68023 0.00044
22.68461 0.00044
22.68874 0.00041
22.69283 0.00041
22.69731 0.00045
22.70032 0.00030
22.70364 0.00033
22.86875 0.01651
22.86883 0.00001
22.86888 0.00001
22.86936 0.00005
22.87242 0.00031
22.87859 0.00062
22.88260 0.00040
22.88720 0.00046
22.89132 0.00041
22.89524 0.00039
22.89888 0.00036
22.90264 0.00038
22.91521 0.00126
22.91696 0.00017
22.92050 0.00035
22.92484 0.00043
22.92812 0.00033
22.93177 0.00037
22.93529 0.00035
22.93871 0.00034
22.94233 0.00036
22.94588 0.00036
22.94943 0.00036
22.95283 0.00034
22.95611 0.00033
23.12265 0.01665
23.12282 0.00002
23.12289 0.00001
23.12483 0.00019
23.12874 0.00039
23.13278 0.00040
23.13688 0.00041
23.14171 0.00048
23.14547 0.00038
23.15169 0.00062
23.15529 0.00036
23.16511 0.00098
23.16799 0.00029
23.17159 0.00036
23.17544 0.00039
23.17902 0.00036
23.18258 0.00036
23.18699 0.00044
23.19147 0.00045
23.19727 0.00058
23.20374 0.00065
23.20783 0.00041
23.21181 0.00040
23.37858 0.01668
23.37867 0.00001
23.37897 0.00003
23.37908 0.00001
23.37913 0.00000
23.37925 0.00001
23.38225 0.00030
23.38542 0.00032
23.38856 0.00031
23.39170 0.00031
23.39511 0.00034
23.39854 0.00034
23.40455 0.00060
23.40839 0.00038
23.41180 0.00034
23.41495 0.00032
23.42543 0.00105
23.42611 0.00007
23.42944 0.00033
23.43274 0.00033
23.43652 0.00038
23.43951 0.00030
23.44340 0.00039
23.44755 0.00041
23.45083 0.00033
23.45379 0.00030
23.45699 0.00032
23.46039 0.00034
23.46393 0.00035
23.46778 0.00038
23.63735 0.01696
23.63808 0.00007
23.63821 0.00001
23.63830 0.00001
23.63836 0.00001
23.63861 0.00003
23.64365 0.00050
23.64743 0.00038
23.65201 0.00046
23.65476 0.00027
23.65845 0.00037
23.66161 0.00032
23.66517 0.00036
23.67666 0.00115
23.67838 0.00017
23.68222 0.00038
23.68718 0.00050
23.69193 0.00047
23.69674 0.00048
23.70171 0.00050
23.70608 0.00044
23.70986 0.00038
23.71519 0.00053
23.71889 0.00037
23.88828 0.01694
23.88846 0.00002
23.88856 0.00001
23.88864 0.00001
23.88889 0.00003
23.89398 0.00051
23.89933 0.00054
23.90467 0.00053
23.90910 0.00044
23.91378 0.00047
23.91799 0.00042
23.93032 0.00123
23.93336 0.00030
23.93764 0.00043
23.94089 0.00032
23.94456 0.00037
23.94848 0.00039
23.95166 0.00032
23.95470 0.00030
23.95760 0.00029
23.96150 0.00039
23.96426 0.00028
23.96902 0.00048
23.97115 0.00021
23.97491 0.00038
23.97892 0.00040
24.06855 0.00896
24.14993 0.00814
24.15003 0.00001
24.15021 0.00002
24.15027 0.00001
24.15031 0.00000
24.15383 0.00035
24.15733 0.00035
24.16090 0.00036
24.16463 0.00037
24.16914 0.00045
24.17259 0.00035
24.17651 0.00039
24.18680 0.00103
24.19124 0.00044
24.19552 0.00043
24.19962 0.00041
24.20325 0.00036
24.20677 0.00035
24.21076 0.00040
24.21526 0.00045
24.21973 0.00045
24.22325 0.00035
24.22838 0.00051
24.39641 0.01680
24.39651 0.00001
24.39657 0.00001
24.39662 0.00001
24.39669 0.00001
24.39911 0.00024
24.40277 0.00037
24.40703 0.00043
24.41140 0.00044
24.41529 0.00039
24.41847 0.00032
24.42229 0.00038
24.42634 0.00040
24.43833 0.00120
24.44197 0.00036
24.44551 0.00035
24.44901 0.00035
24.45240 0.00034
24.45555 0.00031
24.45923 0.00037
24.46283 0.00036
24.46623 0.00034
24.47011 0.00039
24.47378 0.00037
24.47750 0.00037
24.48222 0.00047
24.65130 0.01691
24.65166 0.00004
24.65172 0.00001
24.65180 0.00001
24.65194 0.00001
24.65352 0.00016
24.65676 0.00032
24.66053 0.00038
24.66442 0.00039
24.66763 0.00032
24.67211 0.00045
24.67592 0.00038
24.67923 0.00033
24.69057 0.00113
24.69501 0.00044
24.69905 0.00040
24.70349 0.00044
24.70810 0.00046
24.71148 0.00034
24.71502 0.00035
24.71898 0.00040
24.72278 0.00038
24.72653 0.00038
24.73074 0.00042
24.73461 0.00039
24.90436 0.01698
24.90443 0.00001
24.90465 0.00002
24.90475 0.00001
24.90481 0.00001
24.90860 0.00038
24.91234 0.00037
24.91593 0.00036
24.92089 0.00050
24.92539 0.00045
24.92925 0.00039
24.93290 0.00036
24.94410 0.00112
24.94781 0.00037
24.95192 0.00041
24.95521 0.00033
24.95895 0.00037
24.96210 0.00032
24.96549 0.00034
24.96931 0.00038
24.97324 0.00039
24.97652 0.00033
24.98137 0.00048
24.98525 0.00039
24.98912 0.00039
25.15641 0.01673
25.15660 0.00002
25.15672 0.00001
25.15680 0.00001
25.15755 0.00007
25.16201 0.00045
25.16652 0.00045
25.17066 0.00041
25.17462 0.00040
25.17869 0.00041
25.18304 0.00044
25.19557 0.00125
25.19836 0.00028
25.20146 0.00031
25.20603 0.00046
25.21006 0.00040
25.21437 0.00043
25.21841 0.00040
25.22221 0.00038
25.22583 0.00036
25.22920 0.00034
25.23214 0.00029
25.23717 0.00050
25.40582 0.01687
25.40590 0.00001
25.40600 0.00001
25.40608 0.00001
25.40613 0.00001
25.40620 0.00001
25.40982 0.00036
25.41381 0.00040
25.41750 0.00037
25.42119 0.00037
25.42850 0.00073
25.43244 0.00039
25.43649 0.00040
25.45047 0.00140
25.45134 0.00009
25.45488 0.00035
25.45873 0.00039
25.46259 0.00039
25.46602 0.00034
25.46965 0.00036
25.47321 0.00036
25.47642 0.00032
25.48090 0.00045
25.48369 0.00028
25.48831 0.00046
25.49207 0.00038
25.49631 0.00042
25.66375 0.01674
25.66389 0.00001
25.66443 0.00005
25.66458 0.00002
25.66473 0.00001
25.66678 0.00020
25.67097 0.00042
25.67535 0.00044
25.67944 0.00041
25.68344 0.00040
25.68773 0.00043
25.70266 0.00149
25.70350 0.00008
25.70800 0.00045
25.71298 0.00050
25.71770 0.00047
25.72073 0.00030
25.72619 0.00055
25.73116 0.00050
25.73570 0.00045
25.73936 0.00037
25.90974 0.01704
25.90981 0.00001
25.90987 0.00001
25.91010 0.00002
25.91023 0.00001
25.91289 0.00027
25.91639 0.00035
25.92270 0.00063
25.92838 0.00057
25.93202 0.00036
25.93569 0.00037
25.93937 0.00037
25.94290 0.00035
25.94898 0.00061
25.95529 0.00063
25.96409 0.00088
25.96790 0.00038
25.97239 0.00045
25.97636 0.00040
25.98105 0.00047
25.98650 0.00054
25.99123 0.00047
25.99400 0.00028
25.99842 0.00044
26.01042 0.00120
26.17229 0.01619
26.17288 0.00006
26.17298 0.00001
26.17352 0.00005
26.17370 0.00002
26.17385 0.00001
26.17395 0.00001
26.17603 0.00021
26.17992 0.00039
26.18400 0.00041
26.18805 0.00041
26.19098 0.00029
26.19516 0.00042
26.20017 0.00050
26.21651 0.00163
26.22407 0.00076
26.23039 0.00063
26.23413 0.00037
26.23824 0.00041
26.24262 0.00044
26.24771 0.00051
26.41549 0.01678
26.41581 0.00003
26.41594 0.00001
26.41601 0.00001
26.41659 0.00006
26.42204 0.00055
26.42713 0.00051
26.43229 0.00052
26.43710 0.00048
26.44164 0.00045
26.44581 0.00042
26.44994 0.00041
26.45401 0.00041
26.47642 0.00224
26.47666 0.00002
26.47676 0.00001
26.47943 0.00027
26.48316 0.00037
26.48646 0.00033
26.49017 0.00037
26.49381 0.00036
26.49727 0.00035
26.50242 0.00051
26.50724 0.00048
26.51077 0.00035
26.51657 0.00058
26.67826 0.01617
26.67832 0.00001
26.67838 0.00001
26.67843 0.00001
26.67848 0.00001
26.67902 0.00005
26.68230 0.00033
26.68560 0.00033
26.68919 0.00036
26.69257 0.00034
26.69655 0.00040
26.69986 0.00033
26.70292 0.00031
26.70629 0.00034
26.70953 0.00032
26.73254 0.00230
26.73271 0.00002
26.73432 0.00016
26.73848 0.00042
26.74172 0.00032
26.74563 0.00039
26.74883 0.00032
26.75327 0.00044
26.75726 0.00040
26.76080 0.00035
26.76452 0.00037
26.76836 0.00038
26.93604 0.01677
26.93626 0.00002
26.93634 0.00001
26.93656 0.00002
26.93663 0.00001
26.93668 0.00001
26.93879 0.00021
26.94423 0.00054
26.94783 0.00036
26.95159 0.00038
26.95513 0.00035
26.95938 0.00042
26.98185 0.00225
26.98196 0.00001
26.98516 0.00032
26.98911 0.00039
26.99179 0.00027
26.99496 0.00032
26.99808 0.00031
27.00196 0.00039
27.00551 0.00035
27.00905 0.00035
27.01283 0.00038
27.01551 0.00027
27.01882 0.00033
27.02207 0.00033
27.18781 0.01657
27.18840 0.00006
27.18863 0.00002
27.18871 0.00001
27.18884 0.00001
27.18989 0.00011
27.19330 0.00034
27.19626 0.00030
27.20006 0.00038
27.20388 0.00038
27.20754 0.00037
27.21080 0.00033
27.23269 0.00219
27.23289 0.00002
27.23653 0.00036
27.24001 0.00035
27.24371 0.00037
27.24725 0.00035
27.25027 0.00030
27.25315 0.00029
27.25676 0.00036
27.25993 0.00032
27.26432 0.00044
27.26784 0.00035
27.27085 0.00030
27.27482 0.00040
27.27849 0.00037
27.28140 0.00029
27.37869 0.00973
27.45106 0.00724
27.45117 0.00001
27.45130 0.00001
27.45136 0.00001
27.45154 0.00002
27.45499 0.00035
27.45898 0.00040
27.46212 0.00031
27.46655 0.00044
27.47195 0.00054
27.47675 0.00048
27.49531 0.00186
27.49901 0.00037
27.50552 0.00065
27.51070 0.00052
27.51746 0.00068
27.52430 0.00068
27.52951 0.00052
27.53413 0.00046
27.70096 0.01668
27.70102 0.00001
27.70159 0.00006
27.70167 0.00001
27.70172 0.00001
27.70178 0.00001
27.70404 0.00023
27.70969 0.00057
27.71288 0.00032
27.71620 0.00033
27.72089 0.00047
27.74152 0.00206
27.74160 0.00001
27.74412 0.00025
27.74830 0.00042
27.75183 0.00035
27.75584 0.00040
27.75986 0.00040
27.76263 0.00028
27.76625 0.00036
27.77056 0.00043
27.77501 0.00044
27.94065 0.01656
27.94072 0.00001
27.94078 0.00001
27.94085 0.00001
27.94090 0.00001
27.94121 0.00003
27.94494 0.00037
27.94921 0.00043
27.95294 0.00037
27.95704 0.00041
27.96071 0.00037
27.96381 0.00031
27.96904 0.00052
27.97340 0.00044
27.97682 0.00034
27.99760 0.00208
27.99808 0.00005
28.00158 0.00035
28.00555 0.00040
28.00957 0.00040
28.01263 0.00031
28.01623 0.00036
28.02024 0.00040
28.02338 0.00031
28.02739 0.00040
28.03136 0.00040
28.03489 0.00035
28.19953 0.01646
28.20005 0.00005
28.20012 0.00001
28.20018 0.00001
28.20023 0.00001
28.20198 0.00017
28.20691 0.00049
28.21025 0.00033
28.21419 0.00039
28.21855 0.00044
28.22160 0.00030
28.24477 0.00232
28.24483 0.00001
28.24716 0.00023
28.25144 0.00043
28.25581 0.00044
28.25893 0.00031
28.26323 0.00043
28.26642 0.00032
28.27150 0.00051
28.27591 0.00044
28.44170 0.01658
28.44179 0.00001
28.44186 0.00001
28.44207 0.00002
28.44218 0.00001
28.44244 0.00003
28.44654 0.00041
28.45128 0.00047
28.45489 0.00036
28.45757 0.00027
28.46140 0.00038
28.46501 0.00036
28.46901 0.00040
28.49584 0.00268
28.49623 0.00004
28.49679 0.00006
28.50022 0.00034
28.50387 0.00036
28.50691 0.00030
28.51004 0.00031
28.51322 0.00032
28.51689 0.00037
28.52118 0.00043
28.52454 0.00034
28.52881 0.00043
28.53283 0.00040
28.53702 0.00042
28.70121 0.01642
28.70144 0.00002
28.70150 0.00001
28.70176 0.00003
28.70182 0.00001
28.70391 0.00021
28.70738 0.00035
28.71170 0.00043
28.71572 0.00040
28.71996 0.00042
28.74632 0.00264
28.74639 0.00001
28.74811 0.00017
28.75209 0.00040
28.75561 0.00035
28.75901 0.00034
28.76288 0.00039
28.76632 0.00034
28.77088 0.00046
28.77501 0.00041
28.77915 0.00041
28.78323 0.00041
28.78710 0.00039
28.94905 0.01620
28.94911 0.00001
28.94917 0.00001
28.94924 0.00001
28.94929 0.00001
28.95131 0.00020
28.95495 0.00036
28.95864 0.00037
28.96250 0.00039
28.96589 0.00034
28.96923 0.00033
28.97333 0.00041
28.99970 0.00264
28.99979 0.00001
28.99986 0.00001
29.00366 0.00038
29.00753 0.00039
29.01097 0.00034
29.01469 0.00037
29.01819 0.00035
29.02222 0.00040
29.02659 0.00044
29.03072 0.00041
29.03384 0.00031
29.03698 0.00031
29.04063 0.00036
29.20328 0.01626
29.20337 0.00001
29.20344 0.00001
29.20353 0.00001
29.20374 0.00002
29.20381 0.00001
29.20755 0.00037
29.21261 0.00051
29.21678 0.00042
29.22166 0.00049
29.22431 0.00026
29.25273 0.00284
29.25288 0.00002
29.25302 0.00001
29.25620 0.00032
29.26009 0.00039
29.26457 0.00045
29.26895 0.00044
29.27283 0.00039
29.27670 0.00039
29.28337 0.00067
29.44685 0.01635
29.44731 0.00005
29.44736 0.00001
29.44742 0.00001
29.44747 0.00001
29.44753 0.00001
29.44905 0.00015
29.45234 0.00033
29.45612 0.00038
29.45999 0.00039
29.46341 0.00034
29.46711 0.00037
29.47143 0.00043
29.49638 0.00249
29.49650 0.00001
29.49788 0.00014
29.50182 0.00039
29.50578 0.00040
29.50859 0.00028
29.51207 0.00035
29.51588 0.00038
29.52016 0.00043
29.52479 0.00046
29.52809 0.00033
29.53134 0.00032
29.69676 0.01654
29.69685 0.00001
29.69692 0.00001
29.69705 0.00001
29.69713 0.00001
29.69726 0.00001
29.69897 0.00017
29.70250 0.00035
29.70663 0.00041
29.70995 0.00033
29.71435 0.00044
29.71799 0.00036
29.72299 0.00050
29.74964 0.00267
29.74977 0.00001
29.75104 0.00013
29.75566 0.00046
29.75893 0.00033
29.76261 0.00037
29.76656 0.00040
29.76979 0.00032
29.77321 0.00034
29.77663 0.00034
29.78044 0.00038
29.78447 0.00040
29.95263 0.01682
29.95275 0.00001
29.95289 0.00001
29.95295 0.00001
29.95303 0.00001
29.95313 0.00001
29.95323 0.00001
29.95611 0.00029
29.95975 0.00036
29.96369 0.00039
29.96753 0.00038
29.97187 0.00043
29.97528 0.00034
29.99932 0.00240
30.00282 0.00035
30.00296 0.00001
30.00754 0.00046
30.01176 0.00042
30.01477 0.00030
30.01843 0.00037
30.02269 0.00043
30.02682 0.00041
30.03099 0.00042
30.03545 0.00045
30.04034 0.00049
30.20460 0.01643
30.20470 0.00001
30.20491 0.00002
30.20500 0.00001
30.20517 0.00002
30.20522 0.00001
30.20529 0.00001
30.20763 0.00023
30.21090 0.00033
30.21402 0.00031
30.21893 0.00049
30.22301 0.00041
30.22686 0.00039
30.23197 0.00051
30.25714 0.00252
30.25728 0.00001
30.25842 0.00011
30.26206 0.00036
30.26620 0.00041
30.26986 0.00037
30.27515 0.00053
30.27879 0.00036
30.28276 0.00040
30.28612 0.00034
30.28894 0.00028
30.29417 0.00052
30.29708 0.00029
30.30624 0.00092
30.31213 0.00059
30.46716 0.01550
30.46725 0.00001
30.46734 0.00001
30.46744 0.00001
30.46753 0.00001
30.46789 0.00004
30.47119 0.00033
30.47501 0.00038
30.47821 0.00032
30.48191 0.00037
30.50662 0.00247
30.50731 0.00007
30.51116 0.00038
30.51505 0.00039
30.51868 0.00036
30.52294 0.00043
30.52766 0.00047
30.53251 0.00048
30.53582 0.00033
30.70362 0.01678
30.70419 0.00006
30.70429 0.00001
30.70435 0.00001
30.70459 0.00002
30.70469 0.00001
30.70475 0.00001
30.70480 0.00001
30.70780 0.00030
30.71200 0.00042
30.71593 0.00039
30.71981 0.00039
30.72330 0.00035
30.72809 0.00048
30.73165 0.00036
30.73459 0.00029
30.73794 0.00034
30.74403 0.00061
30.74753 0.00035
30.76905 0.00215
30.76911 0.00001
30.77238 0.00033
30.77740 0.00050
30.78054 0.00031
30.78702 0.00065
30.79028 0.00033
30.79327 0.00030
30.79608 0.00028
30.80095 0.00049
30.80388 0.00029
30.80842 0.00045
30.96669 0.01583
30.96713 0.00004
30.96719 0.00001
30.96724 0.00001
30.96729 0.00000
30.96736 0.00001
30.96741 0.00001
30.96757 0.00002
30.97138 0.00038
30.97470 0.00033
30.97835 0.00037
30.98160 0.00032
30.98608 0.00045
30.98946 0.00034
30.99320 0.00037
31.01621 0.00230
31.01756 0.00013
31.02096 0.00034
31.02753 0.00066
31.03188 0.00043
31.03617 0.00043
31.04053 0.00044
31.04715 0.00066
31.05029 0.00031
31.05562 0.00053
31.15367 0.00980
31.21995 0.00663
31.22005 0.00001
31.22014 0.00001
31.22026 0.00001
31.22037 0.00001
31.22048 0.00001
31.22061 0.00001
31.22105 0.00004
31.22466 0.00036
31.23126 0.00066
31.23407 0.00028
31.23755 0.00035
31.24075 0.00032
31.24430 0.00036
31.26930 0.00250
31.26938 0.00001
31.27390 0.00045
31.27720 0.00033
31.28035 0.00032
31.28301 0.00027
31.28664 0.00036
31.28980 0.00032
31.29340 0.00036
31.29658 0.00032
31.29970 0.00031
31.30312 0.00034
31.30684 0.00037
31.31007 0.00032
31.31426 0.00042
31.47939 0.01651
31.47950 0.00001
31.47974 0.00002
31.47980 0.00001
31.47988 0.00001
31.48012 0.00002
31.48018 0.00001
31.48353 0.00034
31.48767 0.00041
31.49114 0.00035
31.49539 0.00043
31.49939 0.00040
31.50249 0.00031
31.52630 0.00238
31.52725 0.00009
31.53112 0.00039
31.53451 0.00034
31.53720 0.00027
31.54009 0.00029
31.54385 0.00038
31.54701 0.00032
31.55103 0.00040
31.55431 0.00033
31.55807 0.00038
31.56194 0.00039
31.56572 0.00038
31.56923 0.00035
31.57212 0.00029
31.57503 0.00029
31.74206 0.01670
31.74250 0.00004
31.74265 0.00001
31.74272 0.00001
31.74295 0.00002
31.74304 0.00001
31.74310 0.00001
31.74355 0.00005
31.74719 0.00036
31.75088 0.00037
31.75492 0.00040
31.75813 0.00032
31.76393 0.00058
31.79028 0.00264
31.79041 0.00001
31.79053 0.00001
31.79594 0.00054
31.80008 0.00041
31.80430 0.00042
31.80820 0.00039
31.81231 0.00041
31.81558 0.00033
31.81944 0.00039
31.82321 0.00038
31.82610 0.00029
31.82946 0.00034
31.99402 0.01646
31.99408 0.00001
31.99426 0.00002
31.99459 0.00003
31.99465 0.00001
31.99470 0.00001
31.99476 0.00001
31.99794 0.00032
32.00107 0.00031
32.00448 0.00034
32.00776 0.00033
32.01183 0.00041
32.01493 0.00031
32.01831 0.00034
32.04481 0.00265
32.04488 0.00001
32.04696 0.00021
32.05075 0.00038
32.05418 0.00034
32.05753 0.00034
32.06140 0.00039
32.06519 0.00038
32.06943 0.00042
32.07315 0.00037
32.07695 0.00038
32.08071 0.00038
32.24962 0.01689
32.24972 0.00001
32.24981 0.00001
32.24988 0.00001
32.24994 0.00001
32.25000 0.00001
32.25340 0.00034
32.25812 0.00047
32.26241 0.00043
32.26571 0.00033
32.26972 0.00040
32.29348 0.00238
32.29481 0.00013
32.29883 0.00040
32.30237 0.00035
32.30572 0.00034
32.30926 0.00035
32.31399 0.00047
32.31823 0.00042
32.32231 0.00041
32.32622 0.00039
32.32970 0.00035
32.33248 0.00028
32.33553 0.00030
32.33941 0.00039
32.50561 0.01662
32.50570 0.00001
32.50597 0.00003
32.50604 0.00001
32.50610 0.00001
32.50616 0.00001
32.50628 0.00001
32.50923 0.00029
32.51276 0.00035
32.51599 0.00032
32.52027 0.00043
32.52389 0.00036
32.54982 0.00259
32.55004 0.00002
32.55127 0.00012
32.55577 0.00045
32.55960 0.00038
32.56276 0.00032
32.56809 0.00053
32.57158 0.00035
32.57510 0.00035
32.57920 0.00041
32.58291 0.00037
32.58734 0.00044
32.75607 0.01687
32.75619 0.00001
32.75670 0.00005
32.75676 0.00001
32.75688 0.00001
32.75693 0.00001
32.75711 0.00002
32.75718 0.00001
32.75891 0.00017
32.76267 0.00038
32.76641 0.00037
32.76939 0.00030
32.77413 0.00047
32.77949 0.00054
32.78322 0.00037
32.78638 0.00032
32.79097 0.00046
32.81422 0.00232
32.81428 0.00001
32.81736 0.00031
32.82125 0.00039
32.82574 0.00045
32.82974 0.00040
32.83356 0.00038
32.83757 0.00040
32.84066 0.00031
32.84459 0.00039
32.84870 0.00041
33.01788 0.01692
33.01811 0.00002
33.01824 0.00001
33.01834 0.00001
33.02176 0.00034
33.02635 0.00046
33.02974 0.00034
33.03427 0.00045
33.06397 0.00297
33.06407 0.00001
33.06444 0.00004
33.06642 0.00020
33.07024 0.00038
33.07603 0.00058
33.08043 0.00044
33.08491 0.00045
33.08930 0.00044
33.09386 0.00046
33.09843 0.00046
33.27037 0.01719
33.27078 0.00004
33.27090 0.00001
33.27105 0.00001
33.27116 0.00001
33.27127 0.00001
33.27137 0.00001
33.27642 0.00050
33.28038 0.00040
33.28505 0.00047
33.28965 0.00046
33.29456 0.00049
33.32218 0.00276
33.32229 0.00001
33.32437 0.00021
33.32885 0.00045
33.33369 0.00048
33.33830 0.00046
33.34450 0.00062
33.34844 0.00039
33.35266 0.00042
33.35726 0.00046
33.52742 0.01702
33.52752 0.00001
33.52814 0.00006
33.52820 0.00001
33.52828 0.00001
33.52862 0.00003
33.52872 0.00001
33.52889 0.00002
33.53225 0.00034
33.53639 0.00041
33.53963 0.00032
33.54301 0.00034
33.54665 0.00036
33.55056 0.00039
33.55395 0.00034
33.58035 0.00264
33.58058 0.00002
33.58187 0.00013
33.58564 0.00038
33.58998 0.00043
33.59438 0.00044
33.59786 0.00035
33.60254 0.00047
33.60608 0.00035
33.60977 0.00037
33.61310 0.00033
33.61690 0.00038
33.78482 0.01679
33.78489 0.00001
33.78531 0.00004
33.78540 0.00001
33.78553 0.00001
33.78563 0.00001
33.78810 0.00025
33.79123 0.00031
33.79550 0.00043
33.79894 0.00034
33.80235 0.00034
33.80597 0.00036
33.81009 0.00041
33.83525 0.00252
33.83530 0.00001
33.83627 0.00010
33.83999 0.00037
33.84303 0.00030
33.84617 0.00031
33.84921 0.00030
33.85211 0.00029
33.85571 0.00036
33.85916 0.00035
33.86298 0.00038
33.86609 0.00031
33.87055 0.00045
33.87566 0.00051
33.87811 0.00025
33.88074 0.00026
33.88621 0.00055
34.04905 0.01628
34.04915 0.00001
34.04924 0.00001
34.04931 0.00001
34.04939 0.00001
34.04946 0.00001
34.04953 0.00001
34.04963 0.00001
34.05338 0.00037
34.05711 0.00037
34.06021 0.00031
34.06436 0.00041
34.06774 0.00034
34.07151 0.00038
34.09629 0.00248
34.09646 0.00002
34.10044 0.00040
34.10469 0.00042
34.10949 0.00048
34.11472 0.00052
34.11808 0.00034
34.12151 0.00034
34.12569 0.00042
34.13010 0.00044
34.30215 0.01721
34.30284 0.00007
34.30294 0.00001
34.30317 0.00002
34.30323 0.00001
34.30329 0.00001
34.30338 0.00001
34.30355 0.00002
34.30365 0.00001
34.30533 0.00017
34.30851 0.00032
34.31202 0.00035
34.31607 0.00041
34.31947 0.00034
34.32273 0.00033
34.32612 0.00034
34.32969 0.00036
34.33310 0.00034
34.36250 0.00294
34.36263 0.00001
34.36270 0.00001
34.36609 0.00034
34.36961 0.00035
34.37280 0.00032
34.37629 0.00035
34.38161 0.00053
34.38544 0.00038
34.38929 0.00038
34.39336 0.00041
34.39701 0.00036
34.56479 0.01678
34.56529 0.00005
34.56535 0.00001
34.56541 0.00001
34.56578 0.00004
34.56584 0.00001
34.56596 0.00001
34.56627 0.00003
34.56970 0.00034
34.57293 0.00032
34.57668 0.00037
34.58001 0.00033
34.58358 0.00036
34.58689 0.00033
34.59075 0.00039
34.62105 0.00303
34.62111 0.00001
34.62117 0.00001
34.62694 0.00058
34.63332 0.00064
34.64058 0.00073
34.64620 0.00056
34.65197 0.00058
34.65479 0.00028
34.82414 0.01693
34.82420 0.00001
34.82462 0.00004
34.82473 0.00001
34.82483 0.00001
34.82490 0.00001
34.82501 0.00001
34.82813 0.00031
34.83184 0.00037
34.83648 0.00046
34.84013 0.00036
34.84398 0.00038
34.87313 0.00292
34.87327 0.00001
34.87460 0.00013
34.87769 0.00031
34.88212 0.00044
34.88496 0.00028
34.88862 0.00037
34.89244 0.00038
34.89580 0.00034
34.89975 0.00039
34.90256 0.00028
34.90617 0.00036
34.90982 0.00036
35.07592 0.01661
35.07604 0.00001
35.07613 0.00001
35.07621 0.00001
35.07655 0.00003
35.07666 0.00001
35.07675 0.00001
35.07840 0.00017
35.08156 0.00032
35.08559 0.00040
35.08907 0.00035
35.09268 0.00036
35.09645 0.00038
35.12815 0.00317
35.12845 0.00003
35.12850 0.00001
35.12873 0.00002
35.13250 0.00038
35.13589 0.00034
35.13915 0.00033
35.14283 0.00037
35.14668 0.00039
35.15082 0.00041
35.15541 0.00046
35.15867 0.00033
35.16205 0.00034
35.33046 0.01684
35.33099 0.00005
35.33105 0.00001
35.33120 0.00001
35.33129 0.00001
35.33137 0.00001
35.33150 0.00001
35.33157 0.00001
35.33382 0.00022
35.33757 0.00038
35.34123 0.00037
35.34485 0.00036
35.34955 0.00047
35.37857 0.00290
35.37863 0.00001
35.37869 0.00001
35.38064 0.00019
35.38463 0.00040
35.38824 0.00036
35.39200 0.00038
35.39894 0.00069
35.40237 0.00034
35.40582 0.00035
35.41029 0.00045
35.57730 0.01670
35.58112 0.00038
35.58119 0.00001
35.58125 0.00001
35.58150 0.00002
35.58154 0.00000
35.58160 0.00001
35.58167 0.00001
35.58392 0.00023
35.58765 0.00037
35.59125 0.00036
35.59534 0.00041
35.59878 0.00034
35.60231 0.00035
35.60508 0.00028
35.63552 0.00304
35.63557 0.00001
35.63563 0.00001
35.63797 0.00023
35.64116 0.00032
35.64504 0.00039
35.64876 0.00037
35.65370 0.00049
35.65753 0.00038
35.66113 0.00036
35.66466 0.00035
35.83494 0.01703
35.83530 0.00004
35.83540 0.00001
35.83546 0.00001
35.83551 0.00001
35.83571 0.00002
35.83580 0.00001
35.83591 0.00001
35.83767 0.00018
35.84199 0.00043
35.84548 0.00035
35.84973 0.00043
35.85302 0.00033
35.88259 0.00296
35.88288 0.00003
35.88307 0.00002
35.88684 0.00038
35.89111 0.00043
35.89516 0.00041
35.89856 0.00034
35.90232 0.00038
35.90607 0.00037
35.90994 0.00039
35.91324 0.00033
35.91694 0.00037
36.08823 0.01713
36.08834 0.00001
36.08843 0.00001
36.08886 0.00004
36.08894 0.00001
36.08904 0.00001
36.08915 0.00001
36.08925 0.00001
36.08934 0.00001
36.09255 0.00032
36.09698 0.00044
36.10096 0.00040
36.10510 0.00041
36.10947 0.00044
36.11346 0.00040
36.11891 0.00054
36.14588 0.00270
36.14594 0.00001
36.14627 0.00003
36.15009 0.00038
36.15324 0.00032
36.15698 0.00037
36.16034 0.00034
36.16398 0.00036
36.16724 0.00033
36.17399 0.00067
36.17763 0.00036
36.18126 0.00036
36.18635 0.00051
36.35110 0.01647
36.35123 0.00001
36.35135 0.00001
36.35154 0.00002
36.35165 0.00001
36.35171 0.00001
36.35177 0.00001
36.35524 0.00035
36.35935 0.00041
36.36320 0.00039
36.36794 0.00047
36.39636 0.00284
36.39658 0.00002
36.39804 0.00015
36.40207 0.00040
36.40600 0.00039
36.40992 0.00039
36.41395 0.00040
36.41779 0.00038
36.42224 0.00044
36.59348 0.01712
36.59385 0.00004
36.59391 0.00001
36.59396 0.00001
36.59402 0.00001
36.59410 0.00001
36.59427 0.00002
36.59453 0.00003
36.59813 0.00036
36.60197 0.00038
36.60527 0.00033
36.60867 0.00034
36.61252 0.00038
36.61661 0.00041
36.62074 0.00041
36.62493 0.00042
36.65344 0.00285
36.65389 0.00005
36.65395 0.00001
36.65577 0.00018
36.65937 0.00036
36.66496 0.00056
36.66847 0.00035
36.67260 0.00041
36.67532 0.00027
36.68124 0.00059
36.68481 0.00036
36.69030 0.00055
36.69044 0.00001
36.85633 0.01659
36.85641 0.00001
36.85646 0.00001
36.85668 0.00002
36.85682 0.00001
36.85690 0.00001
36.85781 0.00009
36.86209 0.00043
36.86660 0.00045
36.87061 0.00040
36.89895 0.00283
36.89916 0.00002
36.89926 0.00001
36.90218 0.00029
36.90612 0.00039
36.90989 0.00038
36.91338 0.00035
36.91814 0.00048
36.92158 0.00034
36.92555 0.00040
36.92913 0.00036
36.93242 0.00033
37.10101 0.01686
37.10128 0.00003
37.10135 0.00001
37.10140 0.00001
37.10149 0.00001
37.10162 0.00001
37.10168 0.00001
37.10259 0.00009
37.10645 0.00039
37.11065 0.00042
37.11431 0.00037
37.11762 0.00033
37.12126 0.00036
37.12464 0.00034
37.12855 0.00039
37.15846 0.00299
37.15852 0.00001
37.15858 0.00001
37.16251 0.00039
37.16679 0.00043
37.16997 0.00032
37.17405 0.00041
37.17789 0.00038
37.18225 0.00044
37.18588 0.00036
37.18889 0.00030
37.35752 0.01686
37.35783 0.00003
37.35790 0.00001
37.35795 0.00000
37.35801 0.00001
37.35805 0.00000
37.35809 0.00000
37.35815 0.00001
37.36181 0.00037
37.36529 0.00035
37.36915 0.00039
37.37333 0.00042
37.37638 0.00030
37.40411 0.00277
37.40418 0.00001
37.40723 0.00030
37.41114 0.00039
37.41729 0.00062
37.42355 0.00063
37.42698 0.00034
37.43077 0.00038
37.43390 0.00031
37.43766 0.00038
37.44116 0.00035
37.44599 0.00048
37.61100 0.01650
37.61105 0.00000
37.61125 0.00002
37.61138 0.00001
37.61143 0.00000
37.61149 0.00001
37.61155 0.00001
37.61233 0.00008
37.61478 0.00025
37.61855 0.00038
37.62240 0.00039
37.62515 0.00027
37.62902 0.00039
37.65918 0.00302
37.65926 0.00001
37.65936 0.00001
37.66197 0.00026
37.66547 0.00035
37.66909 0.00036
37.67226 0.00032
37.67615 0.00039
37.67950 0.00034
37.68377 0.00043
37.68741 0.00036
37.69160 0.00042
37.85886 0.01673
37.85897 0.00001
37.85920 0.00002
37.85930 0.00001
37.85941 0.00001
37.85953 0.00001
37.85963 0.00001
37.86174 0.00021
37.86475 0.00030
37.86916 0.00044
37.87316 0.00040
37.87606 0.00029
37.88009 0.00040
37.88367 0.00036
37.91246 0.00288
37.91289 0.00004
37.91295 0.00001
37.91300 0.00000
37.91529 0.00023
37.91846 0.00032
37.92213 0.00037
37.92596 0.00038
37.92969 0.00037
37.93332 0.00036
37.93629 0.00030
37.93918 0.00029
37.94243 0.00033
37.94523 0.00028
37.94896 0.00037
38.11693 0.01680
38.11704 0.00001
38.11710 0.00001
38.11716 0.00001
38.11735 0.00002
38.11740 0.00001
38.11747 0.00001
38.11966 0.00022
38.12276 0.00031
38.12652 0.00038
38.12968 0.00032
38.13271 0.00030
38.13580 0.00031
38.13854 0.00027
38.14191 0.00034
38.14579 0.00039
38.17352 0.00277
38.17360 0.00001
38.17440 0.00008
38.17796 0.00036
38.18095 0.00030
38.18494 0.00040
38.18785 0.00029
38.19176 0.00039
38.19514 0.00034
38.19912 0.00040
38.36653 0.01674
38.36694 0.00004
38.36700 0.00001
38.36707 0.00001
38.36716 0.00001
38.36728 0.00001
38.36779 0.00005
38.37221 0.00044
38.37650 0.00043
38.38041 0.00039
38.41087 0.00305
38.41105 0.00002
38.41111 0.00001
38.41309 0.00020
38.41636 0.00033
38.42074 0.00044
38.42508 0.00043
38.42945 0.00044
38.43320 0.00038
38.43789 0.00047
38.60715 0.01693
38.60734 0.00002
38.60742 0.00001
38.60750 0.00001
38.60778 0.00003
38.60787 0.00001
38.60794 0.00001
38.61204 0.00041
38.61657 0.00045
38.62055 0.00040
38.62398 0.00034
38.62666 0.00027
38.63011 0.00035
38.63320 0.00031
38.63719 0.00040
38.64069 0.00035
38.66763 0.00269
38.66780 0.00002
38.66785 0.00001
38.66848 0.00006
38.67271 0.00042
38.67649 0.00038
38.68003 0.00035
38.68317 0.00031
38.68957 0.00064
38.69483 0.00053
38.69794 0.00031
38.70072 0.00028
38.70386 0.00031
38.86991 0.01661
38.87061 0.00007
38.87071 0.00001
38.87103 0.00003
38.87114 0.00001
38.87125 0.00001
38.87137 0.00001
38.87587 0.00045
38.87969 0.00038
38.88335 0.00037
38.88739 0.00040
38.89126 0.00039
38.91893 0.00277
38.91935 0.00004
38.91940 0.00000
38.91956 0.00002
38.92176 0.00022
38.92624 0.00045
38.93131 0.00051
38.93910 0.00078
38.94324 0.00041
38.94803 0.00048
39.11532 0.01673
39.11539 0.00001
39.11546 0.00001
39.11558 0.00001
39.11575 0.00002
39.11588 0.00001
39.11866 0.00028
39.12249 0.00038
39.12894 0.00064
39.13353 0.00046
39.13876 0.00052
39.14466 0.00059
39.17260 0.00279
39.17284 0.00002
39.17329 0.00004
39.17490 0.00016
39.18009 0.00052
39.18650 0.00064
39.19066 0.00042
39.19542 0.00048
39.19987 0.00045
39.36901 0.01691
39.36906 0.00001
39.36927 0.00002
39.36934 0.00001
39.36940 0.00001
39.36946 0.00001
39.36958 0.00001
39.37192 0.00023
39.37565 0.00037
39.37857 0.00029
39.38261 0.00040
39.41196 0.00294
39.41203 0.00001
39.41208 0.00001
39.41237 0.00003
39.41611 0.00037
39.42059 0.00045
39.42422 0.00036
39.42712 0.00029
39.43052 0.00034
39.43390 0.00034
39.43747 0.00036
39.44106 0.00036
39.44482 0.00038
39.61378 0.01690
39.61387 0.00001
39.61421 0.00003
39.61429 0.00001
39.61439 0.00001
39.61447 0.00001
39.61455 0.00001
39.61682 0.00023
39.62091 0.00041
39.62459 0.00037
39.62792 0.00033
39.63117 0.00033
39.63533 0.00042
39.63929 0.00040
39.64462 0.00053
39.67257 0.00280
39.67265 0.00001
39.67272 0.00001
39.67481 0.00021
39.67871 0.00039
39.68224 0.00035
39.68531 0.00031
39.68862 0.00033
39.69264 0.00040
39.69677 0.00041
39.70113 0.00044
39.87058 0.01695
39.87087 0.00003
39.87098 0.00001
39.87147 0.00005
39.87153 0.00001
39.87159 0.00001
39.87165 0.00001
39.87271 0.00011
39.87682 0.00041
39.88092 0.00041
39.88517 0.00042
39.88833 0.00032
39.91551 0.00272
39.91559 0.00001
39.91584 0.00002
39.91595 0.00001
39.91970 0.00037
39.92334 0.00036
39.92685 0.00035
39.93013 0.00033
39.93498 0.00048
39.93805 0.00031
39.94082 0.00028
39.94481 0.00040
39.94831 0.00035
40.11998 0.01717
40.12004 0.00001
40.12009 0.00001
40.12016 0.00001
40.12025 0.00001
40.12039 0.00001
40.12047 0.00001
40.12447 0.00040
40.12956 0.00051
40.13421 0.00047
40.13726 0.00031
40.14252 0.00053
40.17065 0.00281
40.17071 0.00001
40.17077 0.00001
40.17277 0.00020
40.17616 0.00034
40.18015 0.00040
40.18353 0.00034
40.18877 0.00052
40.19194 0.00032
40.19483 0.00029
40.19797 0.00031
40.20160 0.00036
40.37177 0.01702
40.37197 0.00002
40.37203 0.00001
40.37224 0.00002
40.37229 0.00001
40.37235 0.00001
40.37244 0.00001
40.37422 0.00018
40.37851 0.00043
40.38226 0.00038
40.38563 0.00034
40.38911 0.00035
40.39253 0.00034
40.39579 0.00033
40.42369 0.00279
40.42375 0.00001
40.42380 0.00001
40.42385 0.00000
40.42768 0.00038
40.43085 0.00032
40.43491 0.00041
40.43900 0.00041
40.44297 0.00040
40.44663 0.00037
40.45000 0.00034
40.45364 0.00036
40.62535 0.01717
40.62583 0.00005
40.62594 0.00001
40.62600 0.00001
40.62612 0.00001
40.62643 0.00003
40.62650 0.00001
40.62716 0.00007
40.63168 0.00045
40.63541 0.00037
40.63939 0.00040
40.64271 0.00033
40.67128 0.00286
40.67140 0.00001
40.67164 0.00002
40.67175 0.00001
40.67403 0.00023
40.67757 0.00035
40.68070 0.00031
40.68422 0.00035
40.68723 0.00030
40.69050 0.00033
40.69448 0.00040
40.69796 0.00035
40.70159 0.00036
40.70500 0.00034
40.70874 0.00037
40.87847 0.01697
40.87906 0.00006
40.87914 0.00001
40.87927 0.00001
40.87939 0.00001
41.69469 0.08153
41.85702 0.01623
41.85725 0.00002
42.01678 0.01595
42.01718 0.00004
42.02004 0.00029
42.16716 0.01471
42.17826 0.00111
42.17834 0.00001
42.17926 0.00009
42.32763 0.01484
42.32780 0.00002
42.33761 0.00098
42.33869 0.00011
42.33874 0.00001
42.34116 0.00024
42.34120 0.00000
42.34208 0.00009
42.50221 0.01601
42.50661 0.00044
42.50784 0.00012
42.50796 0.00001
42.51336 0.00054
42.51380 0.00004
42.51402 0.00002
42.51427 0.00003
42.51431 0.00000
42.51448 0.00002
42.51774 0.00033
42.52276 0.00050
42.52548 0.00027
42.53206 0.00066
42.53489 0.00028
42.54020 0.00053
42.70138 0.01612
42.70406 0.00027
42.70602 0.00020
42.71068 0.00047
42.71433 0.00036
42.71465 0.00003
42.71470 0.00001
42.71474 0.00000
42.71680 0.00021
42.71913 0.00023
42.72156 0.00024
42.72360 0.00020
42.73111 0.00075
42.73316 0.00021
42.73554 0.00024
42.73763 0.00021
42.89443 0.01568
42.90442 0.00100
42.90916 0.00047
42.90940 0.00002
42.91281 0.00034
42.91631 0.00035
42.91757 0.00013
42.92110 0.00035
42.92457 0.00035
42.93224 0.00077
42.93504 0.00028
42.93796 0.00029
42.94386 0.00059
43.10862 0.01648
43.10954 0.00009
43.11428 0.00047
43.11675 0.00025
43.11692 0.00002
43.12105 0.00041
43.12121 0.00002
43.12368 0.00025
43.12744 0.00038
43.13543 0.00080
43.13880 0.00034
43.14159 0.00028
43.14437 0.00028
43.31012 0.01657
43.31576 0.00056
43.31589 0.00001
43.31962 0.00037
43.32301 0.00034
43.32564 0.00026
43.32576 0.00001
43.32595 0.00002
43.32700 0.00010
43.33020 0.00032
43.33317 0.00030
43.34255 0.00094
43.34599 0.00034
43.34936 0.00034
43.35522 0.00059
43.52004 0.01648
43.52301 0.00030
43.52560 0.00026
43.52723 0.00016
43.53077 0.00035
43.53084 0.00001
43.53090 0.00001
43.53097 0.00001
43.53515 0.00042
43.53940 0.00043
43.54261 0.00032
43.55161 0.00090
43.55503 0.00034
43.55817 0.00031
43.56471 0.00065
43.72873 0.01640
43.73375 0.00050
43.73563 0.00019
43.73568 0.00000
43.73878 0.00031
43.73887 0.00001
43.73908 0.00002
43.73988 0.00008
43.74316 0.00033
43.74600 0.00028
43.74872 0.00027
43.75218 0.00035
43.76066 0.00085
43.76385 0.00032
43.76726 0.00034
43.77024 0.00030
43.77611 0.00059
43.94384 0.01677
43.94821 0.00044
43.94827 0.00001
43.95139 0.00031
43.95145 0.00001
43.95163 0.00002
43.95512 0.00035
43.95866 0.00035
43.96254 0.00039
43.96580 0.00033
43.97477 0.00090
43.97801 0.00032
43.98083 0.00028
43.98389 0.00031
43.99024 0.00063
44.15566 0.01654
44.15987 0.00042
44.16390 0.00040
44.16497 0.00011
44.16542 0.00004
44.16562 0.00002
44.16744 0.00018
44.17072 0.00033
44.17399 0.00033
44.17764 0.00037
44.18099 0.00033
44.18441 0.00034
44.19305 0.00086
44.19628 0.00032
44.19917 0.00029
44.20196 0.00028
44.27549 0.00735
44.37712 0.01016
44.38009 0.00030
44.38362 0.00035
44.38371 0.00001
44.38376 0.00001
44.38600 0.00022
44.39201 0.00060
44.39540 0.00034
44.39863 0.00032
44.40159 0.00030
44.40463 0.00030
44.41301 0.00084
44.41626 0.00033
44.41931 0.00031
44.42241 0.00031
44.42822 0.00058
44.57335 0.01451
44.59817 0.00248
44.60009 0.00019
44.60503 0.00049
44.60508 0.00001
44.60520 0.00001
44.60667 0.00015
44.60991 0.00032
44.61260 0.00027
44.61572 0.00031
44.61905 0.00033
44.62217 0.00031
44.62516 0.00030
44.62859 0.00034
44.63730 0.00087
44.64027 0.00030
44.64331 0.00030
44.64674 0.00034
44.65240 0.00057
44.79953 0.01471
44.82225 0.00227
44.82549 0.00032
44.82770 0.00022
44.82775 0.00001
44.82780 0.00001
44.82977 0.00020
44.83307 0.00033
44.83654 0.00035
44.83980 0.00033
44.84324 0.00034
44.84601 0.00028
44.84975 0.00037
44.85334 0.00036
44.86199 0.00086
44.86505 0.00031
44.86828 0.00032
44.87138 0.00031
44.87457 0.00032
44.88034 0.00058
45.04896 0.01686
45.05215 0.00032
45.05361 0.00015
45.05369 0.00001
45.05396 0.00003
45.05708 0.00031
45.06114 0.00041
45.06464 0.00035
45.06804 0.00034
45.07189 0.00039
45.07572 0.00038
45.07897 0.00032
45.08227 0.00033
45.09124 0.00090
45.09444 0.00032
45.09820 0.00038
45.10125 0.00030
45.10720 0.00059
45.11095 0.00037
45.26868 0.01577
45.27978 0.00111
45.28376 0.00040
45.28389 0.00001
45.28411 0.00002
45.28578 0.00017
45.28938 0.00036
45.29262 0.00032
45.29544 0.00028
45.29966 0.00042
45.30262 0.00030
45.30613 0.00035
45.30942 0.00033
45.31242 0.00030
45.31543 0.00030
45.31850 0.00031
45.32672 0.00082
45.32961 0.00029
45.33300 0.00034
45.33664 0.00036
45.49594 0.01593
45.49610 0.00002
45.50413 0.00080
45.51184 0.00077
45.51295 0.00011
45.51396 0.00010
45.51709 0.00031
45.52286 0.00058
45.52576 0.00029
45.52846 0.00027
45.53268 0.00042
45.53592 0.00032
45.53922 0.00033
45.54236 0.00031
45.54646 0.00041
45.55061 0.00042
45.55414 0.00035
45.56137 0.00072
45.56415 0.00028
45.56731 0.00032
45.72865 0.01613
45.73096 0.00023
45.73122 0.00003
45.73208 0.00009
45.74072 0.00086
45.75093 0.00102
45.75576 0.00048
45.75941 0.00037
45.76224 0.00028
45.76539 0.00031
45.76970 0.00043
45.77321 0.00035
45.77656 0.00034
45.77971 0.00031
45.78291 0.00032
45.78602 0.00031
45.78955 0.00035
45.79217 0.00026
45.80026 0.00081
45.80298 0.00027
45.95085 0.01479
45.96813 0.00173
45.96823 0.00001
45.96961 0.00014
45.96984 0.00002
45.96989 0.00000
45.97308 0.00032
45.97950 0.00064
45.98368 0.00042
45.98764 0.00040
45.99082 0.00032
45.99464 0.00038
45.99814 0.00035
46.00181 0.00037
46.00524 0.00034
46.00860 0.00034
46.01185 0.00032
46.01506 0.00032
46.01859 0.00035
46.02167 0.00031
46.02682 0.00051
46.03058 0.00038
46.03459 0.00040
46.03776 0.00032
46.04525 0.00075
46.04872 0.00035
46.21534 0.01666
46.21824 0.00029
46.21978 0.00015
46.22088 0.00011
46.22196 0.00011
46.22233 0.00004
46.22716 0.00048
46.23023 0.00031
46.23479 0.00046
46.23855 0.00038
46.24244 0.00039
46.24603 0.00036
46.25159 0.00056
46.25541 0.00038
46.25941 0.00040
46.26352 0.00041
46.26690 0.00034
46.27017 0.00033
46.27373 0.00036
46.27661 0.00029
46.27975 0.00031
46.28288 0.00031
46.29211 0.00092
46.35517 0.00631
46.46663 0.01115
46.46670 0.00001
46.46675 0.00001
46.46700 0.00003
46.46712 0.00001
46.46723 0.00001
46.46773 0.00005
46.47122 0.00035
46.47461 0.00034
46.47793 0.00033
46.48149 0.00036
46.48543 0.00039
46.48841 0.00030
46.49202 0.00036
46.49509 0.00031
46.50015 0.00051
46.50465 0.00045
46.50861 0.00040
46.51212 0.00035
46.51638 0.00043
46.52027 0.00039
46.52535 0.00051
46.53022 0.00049
46.53431 0.00041
46.53733 0.00030
46.54657 0.00092
46.71931 0.01727
46.71938 0.00001
46.71956 0.00002
46.71964 0.00001
46.71969 0.00000
46.71974 0.00000
46.71990 0.00002
46.72197 0.00021
46.72526 0.00033
46.72839 0.00031
46.73129 0.00029
46.73436 0.00031
46.73761 0.00032
46.74079 0.00032
46.74430 0.00035
46.74682 0.00025
46.74972 0.00029
46.75512 0.00054
46.75808 0.00030
46.76124 0.00032
46.76380 0.00026
46.76642 0.00026
46.76985 0.00034
46.77262 0.00028
46.77556 0.00029
46.77892 0.00034
46.78355 0.00046
46.78607 0.00025
46.78897 0.00029
46.79147 0.00025
46.79380 0.00023
46.79626 0.00025
46.80335 0.00071
46.97746 0.01741
46.97816 0.00007
46.97825 0.00001
46.97834 0.00001
46.97839 0.00001
46.97849 0.00001
46.97938 0.00009
46.98440 0.00050
46.98808 0.00037
46.99195 0.00039
46.99577 0.00038
46.99943 0.00037
47.00472 0.00053
47.00859 0.00039
47.01195 0.00034
47.01649 0.00045
47.02013 0.00036
47.02447 0.00043
47.03120 0.00067
47.03424 0.00030
47.03843 0.00042
47.04311 0.00047
47.04734 0.00042
47.22579 0.01784
47.22619 0.00004
47.22625 0.00001
47.22630 0.00001
47.22642 0.00001
47.22649 0.00001
47.22655 0.00001
47.22859 0.00020
47.23323 0.00046
47.23676 0.00035
47.23993 0.00032
47.24369 0.00038
47.24757 0.00039
47.25155 0.00040
47.26018 0.00086
47.26279 0.00026
47.26550 0.00027
47.26949 0.00040
47.27294 0.00035
47.27701 0.00041
47.28039 0.00034
47.28488 0.00045
47.28985 0.00050
47.29359 0.00037
47.29690 0.00033
47.30429 0.00074
47.30940 0.00051
47.31329 0.00039
47.48697 0.01737
47.48714 0.00002
47.48722 0.00001
47.48728 0.00001
47.48968 0.00024
47.49611 0.00064
47.49982 0.00037
47.50785 0.00080
47.51277 0.00049
47.51608 0.00033
47.52078 0.00047
47.52477 0.00040
47.52860 0.00038
47.53312 0.00045
47.53714 0.00040
47.54114 0.00040
47.54555 0.00044
47.72674 0.01812
47.72681 0.00001
47.72717 0.00004
47.72722 0.00001
47.72732 0.00001
47.72877 0.00015
47.73269 0.00039
47.73704 0.00043
47.74134 0.00043
47.74643 0.00051
47.75101 0.00046
47.75584 0.00048
47.76064 0.00048
47.76451 0.00039
47.77009 0.00056
47.77322 0.00031
47.77788 0.00047
47.78368 0.00058
47.78762 0.00039
47.79117 0.00036
47.79558 0.00044
47.79939 0.00038
47.80700 0.00076
47.81041 0.00034
47.81480 0.00044
47.98951 0.01747
47.99004 0.00005
47.99013 0.00001
47.99018 0.00001
47.99023 0.00000
47.99028 0.00000
47.99033 0.00001
47.99465 0.00043
47.99793 0.00033
48.00133 0.00034
48.00601 0.00047
48.00923 0.00032
48.01216 0.00029
48.01714 0.00050
48.02135 0.00042
48.02564 0.00043
48.02922 0.00036
48.03312 0.00039
48.03785 0.00047
48.04125 0.00034
48.04487 0.00036
48.04901 0.00041
48.05237 0.00034
48.05626 0.00039
48.05952 0.00033
48.06339 0.00039
48.24179 0.01784
48.24202 0.00002
48.24231 0.00003
48.24256 0.00002
48.24260 0.00000
48.24411 0.00015
48.24800 0.00039
48.25238 0.00044
48.25580 0.00034
48.25984 0.00040
48.26291 0.00031
48.26921 0.00063
48.27407 0.00049
48.27855 0.00045
48.28241 0.00039
48.28775 0.00053
48.29221 0.00045
48.29713 0.00049
48.30132 0.00042
48.30556 0.00042
48.48442 0.01789
48.48463 0.00002
48.48491 0.00003
48.48497 0.00001
48.48512 0.00001
48.48914 0.00040
48.49456 0.00054
48.49858 0.00040
48.50575 0.00072
48.51237 0.00066
48.51751 0.00051
48.52377 0.00063
48.52740 0.00036
48.53103 0.00036
48.53508 0.00040
48.53943 0.00044
48.54366 0.00042
48.54912 0.00055
48.55298 0.00039
48.55646 0.00035
48.55972 0.00033
48.56605 0.00063
48.74600 0.01799
48.74616 0.00002
48.74627 0.00001
48.74632 0.00001
48.74637 0.00000
48.74709 0.00007
48.75103 0.00039
48.75561 0.00046
48.75992 0.00043
48.76425 0.00043
48.76679 0.00025
48.77114 0.00043
48.77621 0.00051
48.78058 0.00044
48.78555 0.00050
48.78940 0.00038
48.79604 0.00066
48.80080 0.00048
48.80633 0.00055
48.81114 0.00048
48.99611 0.01850
48.99619 0.00001
48.99626 0.00001
48.99658 0.00003
48.99666 0.00001
48.99763 0.00010
49.00257 0.00049
49.00769 0.00051
49.01401 0.00063
49.01769 0.00037
49.02341 0.00057
49.02715 0.00037
49.03200 0.00049
49.03588 0.00039
49.04024 0.00044
49.04570 0.00055
49.04974 0.00040
49.05377 0.00040
49.05779 0.00040
49.06181 0.00040
49.06717 0.00054
49.25150 0.01843
49.25155 0.00001
49.25187 0.00003
49.25192 0.00001
49.25208 0.00002
49.25213 0.00001
49.25225 0.00001
49.25360 0.00014
49.25779 0.00042
49.26203 0.00042
49.26558 0.00035
49.26909 0.00035
49.27359 0.00045
49.27723 0.00036
49.28121 0.00040
49.28595 0.00047
49.28937 0.00034
49.29373 0.00044
49.29845 0.00047
49.30288 0.00044
49.30722 0.00043
49.31101 0.00038
49.49522 0.01842
49.49530 0.00001
49.49546 0.00002
49.49555 0.00001
49.49562 0.00001
49.49579 0.00002
49.49594 0.00001
49.50028 0.00043
49.50475 0.00045
49.50876 0.00040
49.51382 0.00051
49.52097 0.00071
49.52458 0.00036
49.52918 0.00046
49.53355 0.00044
49.53807 0.00045
49.54178 0.00037
49.54591 0.00041
49.55188 0.00060
49.55644 0.00046
49.56448 0.00080
49.74912 0.01846
49.74922 0.00001
49.74932 0.00001
49.74942 0.00001
49.74949 0.00001
49.74955 0.00001
49.74963 0.00001
49.74974 0.00001
49.75601 0.00063
49.75968 0.00037
49.76397 0.00043
49.77110 0.00071
49.77463 0.00035
49.77875 0.00041
49.78260 0.00039
49.78710 0.00045
49.79113 0.00040
49.79425 0.00031
49.79751 0.00033
49.80127 0.00038
49.80503 0.00038
49.80925 0.00042
49.81248 0.00032
49.81619 0.00037
50.00177 0.01856
50.00182 0.00001
50.00188 0.00001
50.00243 0.00006
50.00248 0.00000
50.00253 0.00000
50.00278 0.00003
50.00288 0.00001
50.00298 0.00001
50.00459 0.00016
50.00806 0.00035
50.01230 0.00042
50.01590 0.00036
50.01976 0.00039
50.02365 0.00039
50.02733 0.00037
50.03175 0.00044
50.03532 0.00036
50.03965 0.00043
50.04333 0.00037
50.04839 0.00051
50.05130 0.00029
50.05433 0.00030
50.05737 0.00030
50.06099 0.00036
50.06354 0.00025
50.06702 0.00035
50.07014 0.00031
50.07331 0.00032
50.08010 0.00068
50.08483 0.00047
50.26481 0.01800
50.26485 0.00000
50.26491 0.00001
50.26496 0.00000
50.26516 0.00002
50.26521 0.00001
50.26525 0.00000
50.26537 0.00001
50.26878 0.00034
50.27169 0.00029
50.27517 0.00035
50.27841 0.00032
50.28186 0.00034
50.28440 0.00025
50.29031 0.00059
50.29359 0.00033
50.29749 0.00039
50.30226 0.00048
50.30538 0.00031
50.30988 0.00045
50.31275 0.00029
50.31702 0.00043
50.32089 0.00039
50.32417 0.00033
50.32996 0.00058
50.33313 0.00032
50.51779 0.01847
50.51826 0.00005
50.51831 0.00001
50.51847 0.00002
50.51865 0.00002
50.51875 0.00001
50.51881 0.00001
50.51886 0.00001
50.51908 0.00002
50.52389 0.00048
50.52770 0.00038
50.53082 0.00031
50.53392 0.00031
50.53703 0.00031
50.54093 0.00039
50.54653 0.00056
50.54969 0.00032
50.55271 0.00030
50.55572 0.00030
50.55853 0.00028
50.56109 0.00026
50.56350 0.00024
50.56656 0.00031
50.56909 0.00025
50.57202 0.00029
50.57485 0.00028
50.57793 0.00031
50.58104 0.00031
50.58514 0.00041
50.58857 0.00034
50.59365 0.00051
50.59825 0.00046
50.78126 0.01830
50.78131 0.00001
50.78136 0.00001
50.78141 0.00000
50.78145 0.00000
50.78160 0.00002
50.78170 0.00001
50.78175 0.00001
50.78187 0.00001
50.78192 0.00000
50.78404 0.00021
50.78811 0.00041
50.79099 0.00029
50.79384 0.00028
50.79751 0.00037
50.80197 0.00045
50.80454 0.00026
50.80949 0.00050
50.81324 0.00037
50.81618 0.00029
50.81908 0.00029
50.82260 0.00035
50.82553 0.00029
50.82909 0.00036
50.83179 0.00027
50.83505 0.00033
50.83940 0.00044
50.84488 0.00055
50.84840 0.00035
50.85183 0.00034
50.85493 0.00031
51.03971 0.01848
51.03978 0.00001
51.03983 0.00001
51.03989 0.00001
51.04016 0.00003
51.04025 0.00001
51.04030 0.00000
51.04354 0.00032
51.04854 0.00050
51.05446 0.00059
51.05838 0.00039
51.06144 0.00031
51.06543 0.00040
51.06917 0.00037
51.07304 0.00039
51.07717 0.00041
51.08019 0.00030
51.08332 0.00031
51.08697 0.00037
51.09098 0.00040
51.09436 0.00034
51.09807 0.00037
51.28664 0.01886
51.28695 0.00003
51.28707 0.00001
51.28713 0.00001
51.28741 0.00003
51.28758 0.00002
51.28764 0.00001
51.28769 0.00001
51.28774 0.00000
51.29178 0.00040
51.29658 0.00048
51.30163 0.00050
51.30583 0.00042
51.30925 0.00034
51.31216 0.00029
51.31651 0.00044
51.32048 0.00040
51.32453 0.00041
51.32738 0.00028
51.33174 0.00044
51.33577 0.00040
51.33927 0.00035
51.34321 0.00039
51.34859 0.00054
51.35200 0.00034
51.35709 0.00051
51.36135 0.00043
51.36579 0.00044
51.54828 0.01825
51.54834 0.00001
51.54851 0.00002
51.54982 0.00013
51.55102 0.00012
51.55119 0.00002
51.55130 0.00001
51.55250 0.00012
51.55662 0.00041
51.56132 0.00047
51.56547 0.00042
51.56877 0.00033
51.57285 0.00041
51.57659 0.00037
51.58082 0.00042
51.58444 0.00036
51.58798 0.00035
51.59197 0.00040
51.59616 0.00042
51.59924 0.00031
51.60215 0.00029
51.60563 0.00035
51.79478 0.01891
51.79488 0.00001
51.79498 0.00001
51.79503 0.00000
51.79518 0.00002
51.79524 0.00001
51.79535 0.00001
51.79541 0.00001
51.79559 0.00002
51.80017 0.00046
51.80459 0.00044
51.80827 0.00037
51.81187 0.00036
51.81602 0.00041
51.82032 0.00043
51.82329 0.00030
51.82657 0.00033
51.83140 0.00048
51.83664 0.00052
51.84135 0.00047
51.84583 0.00045
51.85086 0.00050
51.85470 0.00038
51.85818 0.00035
51.86422 0.00060
51.86836 0.00041
51.87354 0.00052
52.05728 0.01837
52.05737 0.00001
52.05749 0.00001
52.05754 0.00001
52.05759 0.00000
52.05764 0.00000
52.05772 0.00001
52.05777 0.00001
52.06115 0.00034
52.06383 0.00027
52.06777 0.00039
52.07105 0.00033
52.07479 0.00037
52.07948 0.00047
52.08311 0.00036
52.08707 0.00040
52.09109 0.00040
52.09463 0.00035
52.09798 0.00033
52.10099 0.00030
52.10441 0.00034
52.11125 0.00068
52.11455 0.00033
52.11807 0.00035
52.12180 0.00037
52.12513 0.00033
52.30775 0.01826
52.30801 0.00003
52.30805 0.00000
52.30823 0.00002
52.30827 0.00000
52.30837 0.00001
52.30844 0.00001
52.30849 0.00001
52.31208 0.00036
52.31690 0.00048
52.32057 0.00037
52.32413 0.00036
52.32835 0.00042
52.33223 0.00039
52.34068 0.00084
52.34443 0.00038
52.34745 0.00030
52.35169 0.00042
52.35582 0.00041
52.35910 0.00033
52.36314 0.00040
52.36724 0.00041
52.37060 0.00034
52.37411 0.00035
52.37874 0.00046
52.38259 0.00038
52.56673 0.01841
52.56794 0.00012
52.56838 0.00004
52.56848 0.00001
52.56855 0.00001
52.56870 0.00001
52.56882 0.00001
52.56888 0.00001
52.56893 0.00001
52.57026 0.00013
52.57417 0.00039
52.57743 0.00033
52.58081 0.00034
52.59098 0.00102
52.59515 0.00042
52.59970 0.00045
52.60422 0.00045
52.60765 0.00034
52.61188 0.00042
52.61630 0.00044
52.61940 0.00031
52.62391 0.00045
52.62761 0.00037
52.63173 0.00041
52.81764 0.01859
52.81801 0.00004
52.81806 0.00000
52.81814 0.00001
52.81818 0.00000
52.81825 0.00001
52.82279 0.00045
52.82599 0.00032
52.83009 0.00041
52.83344 0.00033
52.83648 0.00030
52.84282 0.00063
52.84560 0.00028
52.85006 0.00045
52.85733 0.00073
52.86180 0.00045
52.86591 0.00041
52.86955 0.00036
52.87441 0.00049
52.87820 0.00038
52.88160 0.00034
52.88688 0.00053
52.89008 0.00032
52.89464 0.00046
52.89719 0.00026
52.90092 0.00037
53.08134 0.01804
53.08142 0.00001
53.08152 0.00001
53.08173 0.00002
53.08186 0.00001
53.08195 0.00001
53.08203 0.00001
53.08208 0.00001
53.08588 0.00038
53.09000 0.00041
53.10059 0.00106
53.10474 0.00041
53.10871 0.00040
53.11233 0.00036
53.11573 0.00034
53.11985 0.00041
53.12409 0.00042
53.12783 0.00037
53.13145 0.00036
53.13586 0.00044
53.14155 0.00057
53.32671 0.01852
53.32677 0.00001
53.32745 0.00007
53.32752 0.00001
53.32770 0.00002
53.32782 0.00001
53.32794 0.00001
53.32849 0.00006
53.33338 0.00049
53.33561 0.00022
53.34107 0.00055
53.34453 0.00035
53.34889 0.00044
53.35229 0.00034
53.35558 0.00033
53.35800 0.00024
53.36126 0.00033
53.36572 0.00045
53.37094 0.00052
53.37489 0.00040
53.37989 0.00050
53.38638 0.00065
53.39047 0.00041
53.39334 0.00029
53.39636 0.00030
53.40007 0.00037
53.40612 0.00061
53.40952 0.00034
53.58995 0.01804
53.59062 0.00007
53.59069 0.00001
53.59077 0.00001
53.59082 0.00001
53.59103 0.00002
53.59105 0.00000
53.59391 0.00029
53.59815 0.00042
53.60520 0.00070
53.61483 0.00096
53.61852 0.00037
53.62182 0.00033
53.62602 0.00042
53.62998 0.00040
53.63316 0.00032
53.63764 0.00045
53.64090 0.00033
53.64405 0.00032
53.64851 0.00045
53.65253 0.00040
53.65732 0.00048
53.66141 0.00041
53.84229 0.01809
53.84300 0.00007
53.84306 0.00001
53.84311 0.00001
53.84343 0.00003
53.84348 0.00001
53.84353 0.00001
53.84369 0.00002
53.84689 0.00032
53.85132 0.00044
53.85415 0.00028
53.85751 0.00034
53.86401 0.00065
53.87004 0.00060
53.87482 0.00048
53.87867 0.00038
53.88292 0.00043
53.88873 0.00058
53.89254 0.00038
53.89605 0.00035
53.90018 0.00041
53.90366 0.00035
53.90750 0.00038
53.91078 0.00033
53.91441 0.00036
53.91826 0.00038
54.10213 0.01839
54.10236 0.00002
54.10248 0.00001
54.10260 0.00001
54.10267 0.00001
54.10690 0.00042
54.11200 0.00051
54.12147 0.00095
54.12596 0.00045
54.13007 0.00041
54.13355 0.00035
54.13694 0.00034
54.14158 0.00046
54.14618 0.00046
54.14984 0.00037
54.15360 0.00038
54.15830 0.00047
54.16213 0.00038
54.16589 0.00038
54.34895 0.01831
54.34904 0.00001
54.34911 0.00001
54.34924 0.00001
54.34929 0.00001
54.34936 0.00001
54.34950 0.00001
54.35289 0.00034
54.35835 0.00055
54.36370 0.00054
54.36711 0.00034
54.37402 0.00069
54.37786 0.00038
54.38258 0.00047
54.38686 0.00043
54.39099 0.00041
54.39524 0.00042
54.39944 0.00042
54.40517 0.00057
54.41023 0.00051
54.41345 0.00032
54.41792 0.00045
54.42245 0.00045
54.42674 0.00043
54.42902 0.00023
54.60994 0.01809
54.61044 0.00005
54.61059 0.00002
54.61065 0.00001
54.61070 0.00001
54.61075 0.00001
54.61081 0.00001
54.61115 0.00003
54.61513 0.00040
54.61883 0.00037
54.62289 0.00041
54.62739 0.00045
54.63419 0.00068
54.63768 0.00035
54.64084 0.00032
54.64549 0.00046
54.64881 0.00033
54.65216 0.00033
54.65597 0.00038
54.65906 0.00031
54.66325 0.00042
54.66719 0.00039
54.67233 0.00051
54.67622 0.00039
54.67951 0.00033
54.86013 0.01806
54.86019 0.00001
54.86032 0.00001
54.86041 0.00001
54.86106 0.00007
54.86119 0.00001
54.86125 0.00001
54.86423 0.00030
54.86838 0.00041
54.87195 0.00036
54.87604 0.00041
54.87998 0.00039
54.88363 0.00036
54.89174 0.00081
54.89547 0.00037
54.89921 0.00037
54.90349 0.00043
54.90721 0.00037
54.91110 0.00039
54.91511 0.00040
54.91873 0.00036
54.92314 0.00044
54.92703 0.00039
54.93008 0.00031
54.93307 0.00030
54.93676 0.00037
54.93993 0.00032
54.94357 0.00036
55.12428 0.01807
55.12439 0.00001
55.12445 0.00001
55.12451 0.00001
55.12456 0.00001
55.12461 0.00000
55.12479 0.00002
55.12872 0.00039
55.13262 0.00039
55.13653 0.00039
55.14072 0.00042
55.14416 0.00034
55.15248 0.00083
55.15563 0.00031
55.15960 0.00040
55.16339 0.00038
55.16777 0.00044
55.17179 0.00040
55.17585 0.00041
55.17911 0.00033
55.18304 0.00039
55.18691 0.00039
55.19082 0.00039
55.19507 0.00042
55.19899 0.00039
55.37149 0.01725
55.38222 0.00107
55.38237 0.00001
55.38250 0.00001
55.38262 0.00001
55.38274 0.00001
55.38287 0.00001
55.38635 0.00035
55.39090 0.00045
55.39572 0.00048
55.40043 0.00047
55.40911 0.00087
55.41264 0.00035
55.41671 0.00041
55.42099 0.00043
55.42465 0.00037
55.42853 0.00039
55.43217 0.00036
55.43663 0.00045
55.44036 0.00037
55.44404 0.00037
55.44850 0.00045
55.45351 0.00050
55.63493 0.01814
55.63515 0.00002
55.63522 0.00001
55.63527 0.00000
55.63533 0.00001
55.63538 0.00001
55.63543 0.00000
55.63838 0.00030
55.64224 0.00039
55.64653 0.00043
55.65100 0.00045
55.65473 0.00037
55.66114 0.00064
55.66936 0.00082
55.67551 0.00061
55.67990 0.00044
55.68328 0.00034
55.68730 0.00040
55.69360 0.00063
55.69914 0.00055
55.70182 0.00027
55.70654 0.00047
55.71067 0.00041
55.71640 0.00057
55.72364 0.00072
55.89729 0.01737
55.89736 0.00001
55.89742 0.00001
55.89754 0.00001
55.89767 0.00001
55.89783 0.00002
55.89789 0.00001
55.89795 0.00001
55.90143 0.00035
55.90475 0.00033
55.90872 0.00040
55.91739 0.00087
55.92111 0.00037
55.92522 0.00041
55.92885 0.00036
55.93272 0.00039
55.93903 0.00063
55.94331 0.00043
55.94605 0.00027
55.94871 0.00027
55.95177 0.00031
55.95451 0.00027
56.12492 0.01704
56.13596 0.00110
56.13655 0.00006
56.13663 0.00001
56.13670 0.00001
56.13676 0.00001
56.13689 0.00001
56.13698 0.00001
56.13708 0.00001
56.14094 0.00039
56.14566 0.00047
56.15031 0.00046
56.15301 0.00027
56.15674 0.00037
56.16214 0.00054
56.16622 0.00041
56.16955 0.00033
56.17320 0.00036
56.17614 0.00029
56.17971 0.00036
56.18747 0.00078
56.19258 0.00051
56.19642 0.00038
56.20079 0.00044
56.20474 0.00039
56.21256 0.00078
56.21738 0.00048
56.22198 0.00046
56.22589 0.00039
56.39973 0.01738
56.39986 0.00001
56.39991 0.00001
56.40026 0.00003
56.40031 0.00001
56.40037 0.00001
56.40043 0.00001
56.40167 0.00012
56.40575 0.00041
56.40928 0.00035
56.41269 0.00034
56.41638 0.00037
56.42714 0.00108
56.43024 0.00031
56.43374 0.00035
56.43761 0.00039
56.44126 0.00037
56.44427 0.00030
56.44939 0.00051
56.45308 0.00037
56.45667 0.00036
56.46003 0.00034
56.46367 0.00036
56.46806 0.00044
56.64678 0.01787
56.64683 0.00001
56.64729 0.00005
56.64735 0.00001
56.64740 0.00001
56.64745 0.00001
56.64751 0.00001
56.64845 0.00009
56.65219 0.00037
56.65573 0.00035
56.65994 0.00042
56.66376 0.00038
56.66751 0.00037
56.67113 0.00036
56.68072 0.00096
56.68424 0.00035
56.68870 0.00045
56.69210 0.00034
56.69616 0.00041
56.69943 0.00033
56.70345 0.00040
56.70788 0.00044
56.71225 0.00044
56.71559 0.00033
56.89710 0.01815
56.89729 0.00002
56.89765 0.00004
56.89772 0.00001
56.89779 0.00001
56.89787 0.00001
56.89792 0.00001
56.90236 0.00044
56.90821 0.00058
56.91230 0.00041
56.92208 0.00098
56.92557 0.00035
56.92872 0.00031
56.93259 0.00039
56.93603 0.00034
56.94088 0.00048
56.94454 0.00037
56.94862 0.00041
56.95204 0.00034
56.95662 0.00046
57.13862 0.01820
57.13869 0.00001
57.13892 0.00002
57.13897 0.00000
57.13905 0.00001
57.13928 0.00002
57.13938 0.00001
57.13952 0.00001
57.14158 0.00021
57.14503 0.00034
57.14940 0.00044
57.15298 0.00036
57.15652 0.00035
57.16004 0.00035
57.16356 0.00035
57.16864 0.00051
57.17215 0.00035
57.17580 0.00037
57.18546 0.00097
57.18800 0.00025
57.19270 0.00047
57.19751 0.00048
57.20355 0.00060
57.20890 0.00053
57.21252 0.00036
57.21759 0.00051
57.22176 0.00042
57.40268 0.01809
57.40276 0.00001
57.40303 0.00003
57.40310 0.00001
57.40316 0.00001
57.40322 0.00001
57.40405 0.00008
57.40969 0.00056
57.41781 0.00081
57.42186 0.00040
57.42560 0.00037
57.42938 0.00038
57.43298 0.00036
57.43712 0.00041
57.44123 0.00041
57.44573 0.00045
57.44972 0.00040
57.45474 0.00050
57.45924 0.00045
57.64276 0.01835
57.64281 0.00000
57.64287 0.00001
57.64292 0.00000
57.64297 0.00001
57.64315 0.00002
57.64320 0.00000
57.64332 0.00001
57.64604 0.00027
57.64961 0.00036
57.65261 0.00030
57.65643 0.00038
57.66297 0.00065
57.66714 0.00042
57.67184 0.00047
57.67594 0.00041
57.68151 0.00056
57.68573 0.00042
57.69035 0.00046
57.69360 0.00033
57.69799 0.00044
57.70163 0.00036
57.70573 0.00041
57.70929 0.00036
57.71434 0.00051
57.71846 0.00041
57.72201 0.00036
57.72487 0.00029
57.90495 0.01801
57.90542 0.00005
57.90551 0.00001
57.90559 0.00001
57.90568 0.00001
57.90585 0.00002
57.90588 0.00000
57.90774 0.00019
57.91177 0.00040
57.91537 0.00036
57.91918 0.00038
57.92661 0.00074
57.93073 0.00041
57.93354 0.00028
57.93703 0.00035
57.94076 0.00037
57.94382 0.00031
57.94816 0.00043
57.95205 0.00039
57.95726 0.00052
57.96170 0.00044
58.01685 0.00551
58.14678 0.01299
58.14708 0.00003
58.14723 0.00001
58.14776 0.00005
58.14786 0.00001
58.14791 0.00001
58.14796 0.00000
58.14812 0.00002
58.14823 0.00001
58.15177 0.00035
58.15590 0.00041
58.16024 0.00043
58.16412 0.00039
58.16704 0.00029
58.17482 0.00078
58.17920 0.00044
58.18282 0.00036
58.18655 0.00037
58.18950 0.00030
58.19342 0.00039
58.19614 0.00027
58.19863 0.00025
58.20170 0.00031
58.20564 0.00039
58.21190 0.00063
58.21551 0.00036
58.22139 0.00059
58.22218 0.00008
58.22578 0.00036
58.26018 0.00344
58.40885 0.01487
58.40922 0.00004
58.40935 0.00001
58.40963 0.00003
58.40969 0.00001
58.40975 0.00001
58.40996 0.00002
58.41278 0.00028
58.41669 0.00039
58.42029 0.00036
58.42958 0.00093
58.43286 0.00033
58.43645 0.00036
58.43903 0.00026
58.44223 0.00032
58.44617 0.00039
58.44991 0.00037
58.45327 0.00034
58.45695 0.00037
58.46156 0.00046
58.46689 0.00053
58.47034 0.00034
58.50897 0.00386
58.65294 0.01440
58.65300 0.00001
58.65322 0.00002
58.65328 0.00001
58.65335 0.00001
58.65343 0.00001
58.65833 0.00049
58.66296 0.00046
58.66681 0.00038
58.67088 0.00041
58.67720 0.00063
58.68191 0.00047
58.68639 0.00045
58.69281 0.00064
58.69583 0.00030
58.70003 0.00042
58.70365 0.00036
58.70828 0.00046
58.71205 0.00038
58.71625 0.00042
58.71946 0.00032
58.72364 0.00042
58.72713 0.00035
58.90720 0.01801
58.90796 0.00008
58.90826 0.00003
58.90835 0.00001
58.90845 0.00001
58.90854 0.00001
58.90866 0.00001
58.90877 0.00001
58.91269 0.00039
58.91694 0.00043
58.92074 0.00038
58.93303 0.00123
58.93635 0.00033
58.94100 0.00047
58.94322 0.00022
58.94659 0.00034
58.95150 0.00049
58.95580 0.00043
58.95952 0.00037
58.96510 0.00056
58.96858 0.00035
58.97181 0.00032
58.97624 0.00044
59.15391 0.01777
59.15767 0.00038
59.15777 0.00001
59.15797 0.00002
59.15805 0.00001
59.15811 0.00001
59.15838 0.00003
59.16277 0.00044
59.16829 0.00055
59.17356 0.00053
59.17809 0.00045
59.18281 0.00047
59.18646 0.00036
59.19676 0.00103
59.20051 0.00038
59.20559 0.00051
59.21079 0.00052
59.21506 0.00043
59.22125 0.00062
59.22624 0.00050
59.23092 0.00047
59.23639 0.00055
59.24038 0.00040
59.42000 0.01796
59.42005 0.00001
59.42018 0.00001
59.42029 0.00001
59.42035 0.00001
59.42047 0.00001
59.42057 0.00001
59.42164 0.00011
59.42595 0.00043
59.43002 0.00041
59.43333 0.00033
59.44477 0.00114
59.44779 0.00030
59.45148 0.00037
59.45516 0.00037
59.45892 0.00038
59.46171 0.00028
59.46582 0.00041
59.47022 0.00044
59.47392 0.00037
59.47778 0.00039
59.48093 0.00031
59.48506 0.00041
59.66316 0.01781
59.66354 0.00004
59.66359 0.00000
59.66368 0.00001
59.66375 0.00001
59.66401 0.00003
59.66416 0.00001
59.66767 0.00035
59.67091 0.00032
59.67414 0.00032
59.67772 0.00036
59.68283 0.00051
59.68632 0.00035
59.69008 0.00038
59.70284 0.00128
59.70644 0.00036
59.71285 0.00064
59.71745 0.00046
59.72230 0.00048
59.72582 0.00035
59.73210 0.00063
59.73561 0.00035
59.73972 0.00041
59.74399 0.00043
59.92374 0.01797
59.92383 0.00001
59.92388 0.00000
59.92393 0.00001
59.92431 0.00004
59.92437 0.00001
59.92445 0.00001
59.92507 0.00006
59.92880 0.00037
59.93170 0.00029
59.93538 0.00037
59.93892 0.00035
59.94260 0.00037
59.95428 0.00117
59.95814 0.00039
59.96191 0.00038
59.96539 0.00035
59.96878 0.00034
59.97267 0.00039
59.97599 0.00033
59.97982 0.00038
59.98416 0.00043
59.98769 0.00035
60.16746 0.01798
60.16804 0.00006
60.16810 0.00001
60.16816 0.00001
60.16835 0.00002
60.16841 0.00001
60.16852 0.00001
60.17160 0.00031
60.17599 0.00044
60.18000 0.00040
60.18257 0.00026
60.18682 0.00043
60.19096 0.00041
60.19346 0.00025
60.20430 0.00108
60.20695 0.00026
60.21095 0.00040
60.21554 0.00046
60.21982 0.00043
60.22403 0.00042
60.22780 0.00038
60.23166 0.00039
60.23590 0.00042
60.41729 0.01814
60.42016 0.00029
60.42022 0.00001
60.42032 0.00001
60.42040 0.00001
60.42058 0.00002
60.42069 0.00001
60.42115 0.00005
60.42346 0.00023
60.42604 0.00026
60.42932 0.00033
60.43346 0.00041
60.43731 0.00038
60.44875 0.00114
60.45107 0.00023
60.45480 0.00037
60.45744 0.00026
60.46122 0.00038
60.46519 0.00040
60.46919 0.00040
60.47357 0.00044
60.47747 0.00039
60.48278 0.00053
60.48638 0.00036
60.65535 0.01690
60.67027 0.00149
60.67036 0.00001
60.67044 0.00001
60.67054 0.00001
60.67062 0.00001
60.67078 0.00002
60.67095 0.00002
60.67363 0.00027
60.67691 0.00033
60.68075 0.00038
60.68398 0.00032
60.68781 0.00038
60.69154 0.00037
60.69821 0.00067
60.70236 0.00041
60.70587 0.00035
60.70813 0.00023
60.71205 0.00039
60.71611 0.00041
60.71819 0.00021
60.72295 0.00048
60.72691 0.00040
60.73007 0.00032
60.73412 0.00041
60.73770 0.00036
60.91177 0.01741
60.92429 0.00125
60.92475 0.00005
60.92480 0.00001
60.92504 0.00002
60.92511 0.00001
60.92516 0.00001
60.92521 0.00000
60.92612 0.00009
60.93150 0.00054
60.93576 0.00043
60.94071 0.00049
60.94849 0.00078
60.95270 0.00042
60.95676 0.00041
60.96118 0.00044
60.96523 0.00041
60.96948 0.00042
60.97366 0.00042
60.97929 0.00056
60.98372 0.00044
61.16562 0.01819
61.16615 0.00005
61.16622 0.00001
61.16628 0.00001
61.16637 0.00001
61.16645 0.00001
61.16650 0.00001
61.16663 0.00001
61.17007 0.00034
61.17503 0.00050
61.17926 0.00042
61.18355 0.00043
61.18729 0.00037
61.19118 0.00039
61.19408 0.00029
61.20227 0.00082
61.20549 0.00032
61.20901 0.00035
61.21236 0.00033
61.21565 0.00033
61.21903 0.00034
61.22281 0.00038
61.22644 0.00036
61.23014 0.00037
61.23348 0.00033
61.23748 0.00040
61.24158 0.00041
61.24535 0.00038
61.42704 0.01817
61.42749 0.00005
61.42759 0.00001
61.42766 0.00001
61.42802 0.00004
61.42807 0.00001
61.42812 0.00000
61.42830 0.00002
61.43230 0.00040
61.43647 0.00042
61.44032 0.00038
61.44334 0.00030
61.44965 0.00063
61.45354 0.00039
61.45727 0.00037
61.46196 0.00047
61.46665 0.00047
61.47080 0.00042
61.47432 0.00035
61.47924 0.00049
61.48363 0.00044
61.48711 0.00035
61.49070 0.00036
61.49336 0.00027
61.49757 0.00042
61.67983 0.01823
61.67997 0.00001
61.68005 0.00001
61.68032 0.00003
61.68040 0.00001
61.68046 0.00001
61.68380 0.00033
61.68791 0.00041
61.69346 0.00055
61.69852 0.00051
61.70749 0.00090
61.71046 0.00030
61.71415 0.00037
61.71866 0.00045
61.72462 0.00060
61.73080 0.00062
61.73470 0.00039
61.74049 0.00058
61.92548 0.01850
61.92589 0.00004
61.92608 0.00002
61.92638 0.00003
61.92644 0.00001
61.92650 0.00001
61.92706 0.00006
61.93279 0.00057
61.93676 0.00040
61.94293 0.00062
61.94665 0.00037
61.95044 0.00038
61.95537 0.00049
61.96133 0.00060
61.96574 0.00044
61.96973 0.00040
61.97447 0.00047
61.97772 0.00033
61.98171 0.00040
61.98450 0.00028
61.98881 0.00043
61.99287 0.00041
61.99658 0.00037
62.00328 0.00067
62.00964 0.00064
62.18802 0.01784
62.18814 0.00001
62.18826 0.00001
62.18834 0.00001
62.18844 0.00001
62.18854 0.00001
62.18863 0.00001
62.19126 0.00026
62.19595 0.00047
62.19970 0.00037
62.20313 0.00034
62.20813 0.00050
62.21178 0.00037
62.21567 0.00039
62.22013 0.00045
62.22268 0.00025
62.22645 0.00038
62.22972 0.00033
62.23385 0.00041
62.23822 0.00044
62.24195 0.00037
62.24588 0.00039
62.24938 0.00035
62.43314 0.01838
62.43330 0.00002
62.43336 0.00001
62.43346 0.00001
62.43370 0.00002
62.43380 0.00001
62.43386 0.00001
62.43444 0.00006
62.43941 0.00050
62.44324 0.00038
62.44799 0.00047
62.45160 0.00036
62.45609 0.00045
62.46117 0.00051
62.46495 0.00038
62.46831 0.00034
62.47330 0.00050
62.47892 0.00056
62.48268 0.00038
62.48611 0.00034
62.49053 0.00044
62.49449 0.00040
62.49846 0.00040
62.50261 0.00042
62.50525 0.00026
62.50869 0.00034
62.69131 0.01826
62.69253 0.00012
62.69259 0.00001
62.69265 0.00001
62.69285 0.00002
62.69294 0.00001
62.69299 0.00001
62.69364 0.00007
62.69731 0.00037
62.70129 0.00040
62.70422 0.00029
62.70783 0.00036
62.71197 0.00041
62.71852 0.00065
62.72226 0.00037
62.72625 0.00040
62.72989 0.00036
62.73426 0.00044
62.73811 0.00039
62.74161 0.00035
62.74583 0.00042
62.75040 0.00046
62.75451 0.00041
62.93733 0.01828
62.93802 0.00007
62.93808 0.00001
62.93823 0.00002
62.93835 0.00001
62.93850 0.00001
62.93886 0.00004
62.94331 0.00044
62.94701 0.00037
62.95114 0.00041
62.95437 0.00032
62.95798 0.00036
62.96173 0.00037
62.97029 0.00086
62.97472 0.00044
62.97883 0.00041
62.98304 0.00042
62.98699 0.00040
62.99137 0.00044
62.99549 0.00041
63.00063 0.00051
63.00503 0.00044
63.00868 0.00037
63.19139 0.01827
63.19209 0.00007
63.19215 0.00001
63.19221 0.00001
63.19249 0.00003
63.19284 0.00003
63.19288 0.00000
63.19301 0.00001
63.19462 0.00016
63.19808 0.00035
63.20201 0.00039
63.21240 0.00104
63.21666 0.00043
63.22030 0.00036
63.22380 0.00035
63.22790 0.00041
63.23240 0.00045
63.23625 0.00038
63.24029 0.00040
63.24441 0.00041
63.30677 0.00624
63.42869 0.01219
63.42930 0.00006
63.42943 0.00001
63.42952 0.00001
63.42959 0.00001
63.42978 0.00002
63.43333 0.00035
63.43670 0.00034
63.44023 0.00035
63.44351 0.00033
63.44790 0.00044
63.45159 0.00037
63.45606 0.00045
63.45933 0.00033
63.46420 0.00049
63.46952 0.00053
63.47581 0.00063
63.47920 0.00034
63.48355 0.00044
63.48577 0.00022
63.48911 0.00033
63.49266 0.00036
63.49722 0.00046
63.50138 0.00042
63.50392 0.00025
63.51058 0.00067
63.51408 0.00035
63.69036 0.01763
63.69113 0.00008
63.69119 0.00001
63.69124 0.00001
63.69143 0.00002
63.69159 0.00002
63.69165 0.00001
63.69370 0.00020
63.69742 0.00037
63.70050 0.00031
63.70352 0.00030
63.70773 0.00042
63.71754 0.00098
63.72126 0.00037
63.72545 0.00042
63.72859 0.00031
63.73208 0.00035
63.73560 0.00035
63.74009 0.00045
63.74479 0.00047
63.74809 0.00033
63.75192 0.00038
63.75561 0.00037
63.75972 0.00041
63.76398 0.00043
63.76795 0.00040
63.94747 0.01795
63.94764 0.00002
63.94778 0.00001
63.94785 0.00001
63.95167 0.00038
63.95578 0.00041
63.95906 0.00033
63.96356 0.00045
63.97374 0.00102
63.97737 0.00036
63.98042 0.00030
63.98442 0.00040
63.98782 0.00034
63.99200 0.00042
63.99640 0.00044
64.00042 0.00040
64.00314 0.00027
64.00739 0.00042
64.01226 0.00049
64.08023 0.00680
64.19458 0.01144
64.19514 0.00006
64.19520 0.00001
64.19548 0.00003
64.19559 0.00001
64.19575 0.00002
64.19586 0.00001
64.19598 0.00001
64.19679 0.00008
64.20154 0.00047
64.20525 0.00037
64.20870 0.00034
64.21295 0.00043
64.21875 0.00058
64.22274 0.00040
64.23316 0.00104
64.23716 0.00040
64.24129 0.00041
64.24573 0.00044
64.24954 0.00038
64.25304 0.00035
64.25706 0.00040
64.26148 0.00044
64.26578 0.00043
64.26891 0.00031
64.27279 0.00039
64.27592 0.00031
64.45815 0.01822
64.45823 0.00001
64.45829 0.00001
64.45847 0.00002
64.45866 0.00002
64.45872 0.00001
64.45877 0.00001
64.45885 0.00001
64.46175 0.00029
64.46613 0.00044
64.47062 0.00045
64.47367 0.00031
64.48400 0.00103
64.48738 0.00034
64.49087 0.00035
64.49473 0.00039
64.49844 0.00037
64.50215 0.00037
64.50625 0.00041
64.50892 0.00027
64.51242 0.00035
64.51688 0.00045
64.52066 0.00038
64.70346 0.01828
64.70358 0.00001
64.70418 0.00006
64.70429 0.00001
64.70437 0.00001
64.70448 0.00001
64.70455 0.00001
64.70460 0.00001
64.70471 0.00001
64.70880 0.00041
64.71240 0.00036
64.71679 0.00044
64.72076 0.00040
64.72538 0.00046
64.72922 0.00038
64.73339 0.00042
64.73707 0.00037
64.74632 0.00093
64.75058 0.00043
64.75675 0.00062
64.76064 0.00039
64.76415 0.00035
64.76827 0.00041
64.77177 0.00035
64.77589 0.00041
64.78070 0.00048
64.78534 0.00046
64.96476 0.01794
64.96482 0.00001
64.96533 0.00005
64.96545 0.00001
64.96554 0.00001
64.96561 0.00001
64.96574 0.00001
64.96589 0.00001
64.96859 0.00027
64.97184 0.00033
64.97524 0.00034
64.98605 0.00108
64.98944 0.00034
64.99318 0.00037
64.99735 0.00042
65.00169 0.00043
65.00570 0.00040
65.00946 0.00038
65.01294 0.00035
65.01697 0.00040
65.02110 0.00041
65.02463 0.00035
65.02886 0.00042
65.21071 0.01818
65.21078 0.00001
65.21106 0.00003
65.21111 0.00000
65.21116 0.00001
65.21147 0.00003
65.21153 0.00001
65.21159 0.00001
65.21467 0.00031
65.21853 0.00039
65.22262 0.00041
65.22570 0.00031
65.22838 0.00027
65.23613 0.00078
65.23997 0.00038
65.24304 0.00031
65.25155 0.00085
65.25624 0.00047
65.26372 0.00075
65.26827 0.00046
65.27202 0.00038
65.27591 0.00039
65.27927 0.00034
65.28274 0.00035
65.28436 0.00016
65.28741 0.00031
65.46958 0.01822
65.47178 0.00022
65.47268 0.00009
65.47276 0.00001
65.47281 0.00001
65.47287 0.00001
65.47300 0.00001
65.47306 0.00001
65.47414 0.00011
65.47771 0.00036
65.48014 0.00024
65.49162 0.00115
65.49550 0.00039
65.50037 0.00049
65.50456 0.00042
65.50751 0.00030
65.51135 0.00038
65.51450 0.00032
65.51845 0.00040
65.52256 0.00041
65.52643 0.00039
65.71061 0.01842
65.71094 0.00003
65.71101 0.00001
65.71108 0.00001
65.71117 0.00001
65.71180 0.00006
65.71680 0.00050
65.72021 0.00034
65.72547 0.00053
65.72868 0.00032
65.73277 0.00041
65.73589 0.00031
65.74211 0.00062
65.74894 0.00068
65.75295 0.00040
65.75755 0.00046
65.76346 0.00059
65.76860 0.00051
65.77198 0.00034
65.78038 0.00084
65.78524 0.00049
65.79019 0.00050
65.79448 0.00043
65.95768 0.01632
65.97360 0.00159
65.97444 0.00008
65.97451 0.00001
65.97463 0.00001
65.97484 0.00002
65.97491 0.00001
65.97496 0.00001
65.97520 0.00002
65.97831 0.00031
65.98293 0.00046
65.99304 0.00101
65.99585 0.00028
65.99932 0.00035
66.00237 0.00031
66.00608 0.00037
66.01086 0.00048
66.01450 0.00036
66.01726 0.00028
66.02029 0.00030
66.02453 0.00042
66.03029 0.00058
66.21390 0.01836
66.21398 0.00001
66.21403 0.00001
66.21408 0.00001
66.21414 0.00001
66.21437 0.00002
66.21443 0.00001
66.21448 0.00000
66.21463 0.00002
66.21774 0.00031
66.22058 0.00028
66.22481 0.00042
66.22818 0.00034
66.23083 0.00027
66.23569 0.00049
66.23899 0.00033
66.24176 0.00028
66.24646 0.00047
66.25073 0.00043
66.25402 0.00033
66.25725 0.00032
66.26126 0.00040
66.26583 0.00046
66.26888 0.00031
