0.03964 0.00384
0.16310 0.01235
3.86687 0.37038
3.94502 0.00782
5.24138 0.12964
5.24705 0.00057
5.25081 0.00038
5.25458 0.00038
5.25803 0.00035
5.26158 0.00035
5.26520 0.00036
5.26908 0.00039
5.27295 0.00039
5.27746 0.00045
5.28147 0.00040
5.28483 0.00034
5.28761 0.00028
5.29113 0.00035
5.29453 0.00034
5.29790 0.00034
5.30108 0.00032
5.30544 0.00044
5.30910 0.00037
5.31229 0.00032
5.31573 0.00034
5.31902 0.00033
5.32248 0.00035
5.32575 0.00033
5.32903 0.00033
5.33325 0.00042
5.33812 0.00049
5.34146 0.00033
5.34498 0.00035
5.34858 0.00036
5.35262 0.00040
5.35696 0.00043
5.36094 0.00040
5.36567 0.00047
5.36922 0.00036
5.37315 0.00039
5.37610 0.00030
5.37997 0.00039
5.38375 0.00038
5.38809 0.00043
5.39197 0.00039
5.39668 0.00047
5.40129 0.00046
5.40432 0.00030
5.40880 0.00045
5.41203 0.00032
5.41659 0.00046
5.42026 0.00037
5.42395 0.00037
5.42738 0.00034
5.43036 0.00030
5.43460 0.00042
5.43810 0.00035
5.44187 0.00038
5.44611 0.00042
5.44914 0.00030
5.45180 0.00027
5.45645 0.00046
5.45928 0.00028
5.46198 0.00027
5.46597 0.00040
5.46909 0.00031
5.47227 0.00032
5.47578 0.00035
5.47895 0.00032
5.48292 0.00040
5.48632 0.00034
5.49093 0.00046
5.49477 0.00038
5.49847 0.00037
5.50195 0.00035
5.50581 0.00039
5.50921 0.00034
5.51327 0.00041
5.51708 0.00038
5.52030 0.00032
5.52471 0.00044
5.52752 0.00028
5.53112 0.00036
5.53391 0.00028
5.53719 0.00033
5.54082 0.00036
5.54361 0.00028
5.54686 0.00033
5.55016 0.00033
5.55349 0.00033
5.55714 0.00037
5.56106 0.00039
5.56538 0.00043
5.56952 0.00041
5.57350 0.00040
5.57754 0.00040
5.58155 0.00040
5.58523 0.00037
5.58856 0.00033
5.59219 0.00036
5.59616 0.00040
5.59990 0.00037
5.60426 0.00044
5.60736 0.00031
5.61131 0.00040
5.61642 0.00051
5.61896 0.00025
5.62429 0.00053
5.62843 0.00041
5.63149 0.00031
5.63421 0.00027
5.63748 0.00033
5.64177 0.00043
5.64534 0.00036
5.64794 0.00026
5.65094 0.00030
5.65504 0.00041
5.65802 0.00030
5.66122 0.00032
5.66547 0.00043
5.67023 0.00048
5.67339 0.00032
5.67738 0.00040
5.68130 0.00039
5.68577 0.00045
5.68898 0.00032
5.69251 0.00035
5.69614 0.00036
5.69978 0.00036
5.70315 0.00034
5.70808 0.00049
5.71058 0.00025
5.71393 0.00034
5.71706 0.00031
5.72058 0.00035
5.72379 0.00032
5.72661 0.00028
5.73078 0.00042
5.73492 0.00041
5.73892 0.00040
5.74239 0.00035
5.74584 0.00035
5.74970 0.00039
5.75239 0.00027
5.75567 0.00033
5.75941 0.00037
5.76245 0.00030
5.76584 0.00034
5.77079 0.00049
5.77370 0.00029
5.77770 0.00040
5.78208 0.00044
5.78557 0.00035
5.78941 0.00038
5.79313 0.00037
5.79650 0.00034
5.79941 0.00029
5.80327 0.00039
5.80775 0.00045
5.81088 0.00031
5.81501 0.00041
5.81863 0.00036
5.82249 0.00039
5.82565 0.00032
5.82958 0.00039
5.83211 0.00025
5.83641 0.00043
5.83985 0.00034
5.84312 0.00033
5.84626 0.00031
5.85013 0.00039
5.85353 0.00034
5.85751 0.00040
5.86104 0.00035
5.86432 0.00033
5.86816 0.00038
5.87079 0.00026
5.87486 0.00041
5.87874 0.00039
5.88176 0.00030
5.88465 0.00029
5.88842 0.00038
5.89074 0.00023
5.89413 0.00034
5.89782 0.00037
5.90010 0.00023
5.90367 0.00036
5.90731 0.00036
5.90948 0.00022
5.91277 0.00033
5.91675 0.00040
5.91963 0.00029
5.92305 0.00034
5.92558 0.00025
5.92948 0.00039
5.93293 0.00035
5.93566 0.00027
5.93878 0.00031
5.94263 0.00038
5.94606 0.00034
5.95058 0.00045
5.95358 0.00030
5.95868 0.00051
5.96219 0.00035
5.96763 0.00054
5.97140 0.00038
5.97471 0.00033
5.97882 0.00041
5.98218 0.00034
5.98717 0.00050
5.99031 0.00031
5.99406 0.00037
5.99782 0.00038
6.00124 0.00034
6.00603 0.00048
6.00974 0.00037
6.01360 0.00039
6.01694 0.00033
6.02046 0.00035
6.02459 0.00041
6.02827 0.00037
6.03200 0.00037
6.03598 0.00040
6.03959 0.00036
6.04373 0.00041
6.04783 0.00041
6.05132 0.00035
6.05508 0.00038
6.05874 0.00037
6.06226 0.00035
6.06696 0.00047
6.07109 0.00041
6.07629 0.00052
6.07979 0.00035
6.08433 0.00045
6.08734 0.00030
6.09178 0.00044
6.09508 0.00033
6.09780 0.00027
6.10141 0.00036
6.10520 0.00038
6.10832 0.00031
6.11295 0.00046
6.11601 0.00031
6.11922 0.00032
6.12310 0.00039
6.12675 0.00037
6.13025 0.00035
6.13484 0.00046
6.13814 0.00033
6.14194 0.00038
6.14467 0.00027
6.14820 0.00035
6.15192 0.00037
6.15557 0.00036
6.15974 0.00042
6.16319 0.00035
6.16659 0.00034
6.17036 0.00038
6.17315 0.00028
6.17752 0.00044
6.18075 0.00032
6.18378 0.00030
6.18708 0.00033
6.19181 0.00047
6.19515 0.00033
6.19811 0.00030
6.20196 0.00038
6.20583 0.00039
6.20916 0.00033
6.21276 0.00036
6.21572 0.00030
6.22037 0.00046
6.22369 0.00033
6.22583 0.00021
6.22955 0.00037
6.23355 0.00040
6.23761 0.00041
6.24094 0.00033
6.24595 0.00050
6.25003 0.00041
6.25349 0.00035
6.25682 0.00033
6.26043 0.00036
6.26392 0.00035
6.26712 0.00032
6.27052 0.00034
6.27450 0.00040
6.27706 0.00026
6.28020 0.00031
6.28347 0.00033
6.28589 0.00024
6.28916 0.00033
6.29244 0.00033
6.29540 0.00030
6.29886 0.00035
6.30163 0.00028
6.30515 0.00035
6.30891 0.00038
6.31276 0.00039
6.31665 0.00039
6.31951 0.00029
6.32367 0.00042
6.32801 0.00043
6.33169 0.00037
6.33577 0.00041
6.33923 0.00035
6.34307 0.00038
6.34691 0.00038
6.35092 0.00040
6.35411 0.00032
6.35794 0.00038
6.36058 0.00026
6.36412 0.00035
6.36838 0.00043
6.37148 0.00031
6.37578 0.00043
6.37988 0.00041
6.38324 0.00034
6.38740 0.00042
6.39139 0.00040
6.39466 0.00033
6.39792 0.00033
6.40268 0.00048
6.40627 0.00036
6.41077 0.00045
6.41364 0.00029
6.41592 0.00023
6.41945 0.00035
6.42301 0.00036
6.42674 0.00037
6.43025 0.00035
6.43379 0.00035
6.43789 0.00041
6.44103 0.00031
6.44460 0.00036
6.44756 0.00030
6.45078 0.00032
6.45427 0.00035
6.45823 0.00040
6.46068 0.00024
6.46382 0.00031
6.46800 0.00042
6.47057 0.00026
6.47350 0.00029
6.47786 0.00044
6.48139 0.00035
6.48540 0.00040
6.49011 0.00047
6.49396 0.00038
6.49677 0.00028
6.50022 0.00035
6.50384 0.00036
6.50747 0.00036
6.51131 0.00038
6.51448 0.00032
6.51872 0.00042
6.52208 0.00034
6.52668 0.00046
6.52988 0.00032
6.53399 0.00041
6.53711 0.00031
6.53981 0.00027
6.54354 0.00037
6.54583 0.00023
6.54901 0.00032
6.55131 0.00023
6.55431 0.00030
6.55770 0.00034
6.56095 0.00032
6.56472 0.00038
6.56790 0.00032
6.57135 0.00035
6.57517 0.00038
6.57868 0.00035
6.58207 0.00034
6.58520 0.00031
6.58872 0.00035
6.59302 0.00043
6.59635 0.00033
6.60041 0.00041
6.60511 0.00047
6.60938 0.00043
6.61363 0.00042
6.61710 0.00035
6.62183 0.00047
6.62717 0.00053
6.63058 0.00034
6.63649 0.00059
6.63998 0.00035
6.64436 0.00044
6.64910 0.00047
6.65236 0.00033
6.65837 0.00060
6.66197 0.00036
6.66703 0.00051
6.67147 0.00044
6.67561 0.00041
6.67993 0.00043
6.68706 0.00071
6.69176 0.00047
6.69731 0.00056
6.70166 0.00043
6.70674 0.00051
6.71084 0.00041
6.71450 0.00037
6.71864 0.00041
6.72166 0.00030
6.72619 0.00045
6.73051 0.00043
6.73398 0.00035
6.73824 0.00043
6.74126 0.00030
6.74742 0.00062
6.75060 0.00032
6.75543 0.00048
6.75951 0.00041
6.76452 0.00050
6.76865 0.00041
6.77206 0.00034
6.77700 0.00049
6.78087 0.00039
6.78621 0.00053
6.78981 0.00036
6.79496 0.00051
6.79819 0.00032
6.80203 0.00038
6.80672 0.00047
6.81107 0.00044
6.81539 0.00043
6.82048 0.00051
6.82482 0.00043
6.82942 0.00046
6.83403 0.00046
6.83813 0.00041
6.84239 0.00043
6.84626 0.00039
6.84969 0.00034
6.85410 0.00044
6.85787 0.00038
6.86090 0.00030
6.86547 0.00046
6.86828 0.00028
6.87316 0.00049
6.87578 0.00026
6.88024 0.00045
6.88436 0.00041
6.88974 0.00054
6.89453 0.00048
6.89959 0.00051
6.90419 0.00046
6.90894 0.00048
6.91281 0.00039
6.91685 0.00040
6.92115 0.00043
6.92539 0.00042
6.92945 0.00041
6.93375 0.00043
6.93841 0.00047
6.94186 0.00034
6.94731 0.00055
6.95076 0.00035
6.95509 0.00043
6.95955 0.00045
6.96342 0.00039
6.96825 0.00048
6.97250 0.00042
6.97770 0.00052
6.98329 0.00056
6.98758 0.00043
6.99297 0.00054
6.99691 0.00039
7.00150 0.00046
7.00582 0.00043
7.01080 0.00050
7.01467 0.00039
7.01780 0.00031
7.02162 0.00038
7.02483 0.00032
7.03033 0.00055
7.03380 0.00035
7.03953 0.00057
7.04350 0.00040
7.04839 0.00049
7.05318 0.00048
7.05887 0.00057
7.06357 0.00047
7.06905 0.00055
7.07325 0.00042
7.07959 0.00063
7.08438 0.00048
7.09050 0.00061
7.09597 0.00055
7.10069 0.00047
7.10581 0.00051
7.11060 0.00048
7.11565 0.00051
7.12001 0.00044
7.12547 0.00055
7.12976 0.00043
7.13396 0.00042
7.13797 0.00040
7.14312 0.00051
7.14689 0.00038
7.15237 0.00055
7.15766 0.00053
7.16376 0.00061
7.16842 0.00047
7.17452 0.00061
7.17939 0.00049
7.18438 0.00050
7.18738 0.00030
7.19063 0.00033
7.19473 0.00041
7.19949 0.00048
7.20304 0.00035
7.20765 0.00046
7.21233 0.00047
7.21619 0.00039
7.21957 0.00034
7.22344 0.00039
7.22682 0.00034
7.23281 0.00060
7.23718 0.00044
7.24090 0.00037
7.24385 0.00030
7.24685 0.00030
7.25127 0.00044
7.25481 0.00035
7.25967 0.00049
7.26366 0.00040
7.26636 0.00027
7.27193 0.00056
7.27652 0.00046
7.28090 0.00044
7.28573 0.00048
7.29070 0.00050
7.29731 0.00066
7.30333 0.00060
7.30939 0.00061
7.31484 0.00054
7.32009 0.00053
7.32612 0.00060
7.33164 0.00055
7.33752 0.00059
7.34387 0.00064
7.34903 0.00052
7.35357 0.00045
7.35880 0.00052
7.36410 0.00053
7.36850 0.00044
7.37402 0.00055
7.37832 0.00043
7.38397 0.00057
7.38890 0.00049
7.39517 0.00063
7.39991 0.00047
7.40487 0.00050
7.41081 0.00059
7.41712 0.00063
7.42279 0.00057
7.42904 0.00062
7.43492 0.00059
7.43913 0.00042
7.44461 0.00055
7.44957 0.00050
7.45467 0.00051
7.45958 0.00049
7.46448 0.00049
7.46930 0.00048
7.47405 0.00048
7.47890 0.00049
7.48402 0.00051
7.48948 0.00055
7.49566 0.00062
7.50205 0.00064
7.50656 0.00045
7.51209 0.00055
7.51511 0.00030
7.52003 0.00049
7.52387 0.00038
7.52765 0.00038
7.53304 0.00054
7.53746 0.00044
7.54157 0.00041
7.54506 0.00035
7.54966 0.00046
7.55521 0.00055
7.56045 0.00052
7.56614 0.00057
7.57121 0.00051
7.57670 0.00055
7.58137 0.00047
7.58673 0.00054
7.59193 0.00052
7.59644 0.00045
7.60163 0.00052
7.60778 0.00062
7.61361 0.00058
7.61762 0.00040
7.62433 0.00067
7.62892 0.00046
7.63617 0.00072
7.64268 0.00065
7.64874 0.00061
7.65518 0.00064
7.66065 0.00055
7.66624 0.00056
7.67288 0.00066
7.67846 0.00056
7.68557 0.00071
7.69226 0.00067
7.69722 0.00050
7.70336 0.00061
7.70798 0.00046
7.71383 0.00058
7.71793 0.00041
7.72360 0.00057
7.72878 0.00052
7.73434 0.00056
7.73939 0.00050
7.74440 0.00050
7.74885 0.00045
7.75371 0.00049
7.75878 0.00051
7.76282 0.00040
7.76823 0.00054
7.77345 0.00052
7.77632 0.00029
7.78169 0.00054
7.78634 0.00047
7.79145 0.00051
7.79634 0.00049
7.80216 0.00058
7.80640 0.00042
7.81148 0.00051
7.81608 0.00046
7.82094 0.00049
7.82526 0.00043
7.82922 0.00040
7.83345 0.00042
7.83753 0.00041
7.84211 0.00046
7.84620 0.00041
7.85099 0.00048
7.85563 0.00046
7.85992 0.00043
7.86497 0.00050
7.87014 0.00052
7.87543 0.00053
7.88017 0.00047
7.88454 0.00044
7.88937 0.00048
7.89285 0.00035
7.89724 0.00044
7.90163 0.00044
7.90537 0.00037
7.90971 0.00043
7.91458 0.00049
7.91865 0.00041
7.92331 0.00047
7.92629 0.00030
7.92967 0.00034
7.93398 0.00043
7.93877 0.00048
7.94342 0.00047
7.94834 0.00049
7.95300 0.00047
7.95763 0.00046
7.96190 0.00043
7.96763 0.00057
7.97225 0.00046
7.97655 0.00043
7.98135 0.00048
7.98718 0.00058
7.99254 0.00054
7.99887 0.00063
8.00370 0.00048
8.00915 0.00055
8.01446 0.00053
8.02003 0.00056
8.02609 0.00061
8.03128 0.00052
8.03809 0.00068
8.04161 0.00035
8.04790 0.00063
8.05274 0.00048
8.05965 0.00069
8.06510 0.00054
8.07016 0.00051
8.07590 0.00057
8.07977 0.00039
8.08459 0.00048
8.08873 0.00041
8.09294 0.00042
8.09806 0.00051
8.10261 0.00046
8.10773 0.00051
8.11142 0.00037
8.11629 0.00049
8.12038 0.00041
8.12519 0.00048
8.12986 0.00047
8.13439 0.00045
8.13790 0.00035
8.14209 0.00042
8.14687 0.00048
8.15021 0.00033
8.15440 0.00042
8.15868 0.00043
8.16313 0.00045
8.16631 0.00032
8.16986 0.00035
8.17411 0.00042
8.17799 0.00039
8.18247 0.00045
8.18609 0.00036
8.19104 0.00049
8.19591 0.00049
8.20171 0.00058
8.20619 0.00045
8.21177 0.00056
8.21660 0.00048
8.22244 0.00058
8.22846 0.00060
8.23285 0.00044
8.23825 0.00054
8.24191 0.00037
8.24638 0.00045
8.25014 0.00038
8.25413 0.00040
8.25909 0.00050
8.26334 0.00043
8.26837 0.00050
8.27305 0.00047
8.27818 0.00051
8.28136 0.00032
8.28536 0.00040
8.29053 0.00052
8.29506 0.00045
8.29969 0.00046
8.30453 0.00048
8.30892 0.00044
8.31372 0.00048
8.31714 0.00034
8.32150 0.00044
8.32597 0.00045
8.33022 0.00043
8.33366 0.00034
8.33796 0.00043
8.34087 0.00029
8.34569 0.00048
8.34956 0.00039
8.35480 0.00052
8.35906 0.00043
8.36388 0.00048
8.36835 0.00045
8.37417 0.00058
8.37804 0.00039
8.38329 0.00052
8.38770 0.00044
8.39257 0.00049
8.39731 0.00047
8.40177 0.00045
8.40678 0.00050
8.41062 0.00038
8.41540 0.00048
8.41948 0.00041
8.42410 0.00046
8.42883 0.00047
8.43293 0.00041
8.43899 0.00061
8.44346 0.00045
8.44880 0.00053
8.45350 0.00047
8.45852 0.00050
8.46274 0.00042
8.46616 0.00034
8.47097 0.00048
8.47460 0.00036
8.48010 0.00055
8.48445 0.00044
8.48960 0.00052
8.49511 0.00055
8.49869 0.00036
8.50368 0.00050
8.50903 0.00053
8.51333 0.00043
8.51962 0.00063
8.52532 0.00057
8.53129 0.00060
8.53646 0.00052
8.54181 0.00053
8.54716 0.00053
8.55149 0.00043
8.55441 0.00029
8.55877 0.00044
8.56274 0.00040
8.56717 0.00044
8.57182 0.00046
8.57637 0.00046
8.58020 0.00038
8.58505 0.00048
8.58936 0.00043
8.59233 0.00030
8.59658 0.00043
8.60097 0.00044
8.60459 0.00036
8.60894 0.00044
8.61310 0.00042
8.61694 0.00038
8.62131 0.00044
8.62662 0.00053
8.63034 0.00037
8.63606 0.00057
8.64066 0.00046
8.64515 0.00045
8.64987 0.00047
8.65475 0.00049
8.65958 0.00048
8.66502 0.00054
8.66865 0.00036
8.67446 0.00058
8.68058 0.00061
8.68631 0.00057
8.69158 0.00053
8.69642 0.00048
8.70218 0.00058
8.70732 0.00051
8.71261 0.00053
8.71738 0.00048
8.72238 0.00050
8.72754 0.00052
8.73242 0.00049
8.73803 0.00056
8.74215 0.00041
8.74840 0.00063
8.75241 0.00040
8.75736 0.00049
8.76395 0.00066
8.76780 0.00038
8.77309 0.00053
8.77678 0.00037
8.78190 0.00051
8.78678 0.00049
8.79154 0.00048
8.79562 0.00041
8.80122 0.00056
8.80536 0.00041
8.81053 0.00052
8.81486 0.00043
8.81923 0.00044
8.82220 0.00030
8.82637 0.00042
8.82940 0.00030
8.83413 0.00047
8.83654 0.00024
8.84053 0.00040
8.84575 0.00052
8.85003 0.00043
8.85557 0.00055
8.85969 0.00041
8.86403 0.00043
8.86756 0.00035
8.87230 0.00047
8.87646 0.00042
8.88111 0.00046
8.88600 0.00049
8.88997 0.00040
8.89468 0.00047
8.89856 0.00039
8.90391 0.00054
8.90767 0.00038
8.91188 0.00042
8.91550 0.00036
8.92059 0.00051
8.92485 0.00043
8.93043 0.00056
8.93452 0.00041
8.94011 0.00056
8.94458 0.00045
8.94979 0.00052
8.95427 0.00045
8.95947 0.00052
8.96338 0.00039
8.96693 0.00035
8.97197 0.00050
8.97659 0.00046
8.98192 0.00053
8.98686 0.00049
8.99221 0.00054
8.99656 0.00043
9.00189 0.00053
9.00628 0.00044
9.01103 0.00048
9.01548 0.00044
9.02016 0.00047
9.02382 0.00037
9.02754 0.00037
9.03300 0.00055
9.03725 0.00042
9.04181 0.00046
9.04645 0.00046
9.05048 0.00040
9.05483 0.00044
9.05931 0.00045
9.06341 0.00041
9.06654 0.00031
9.07082 0.00043
9.07496 0.00041
9.08054 0.00056
9.08465 0.00041
9.08923 0.00046
9.09390 0.00047
9.09862 0.00047
9.10378 0.00052
9.10720 0.00034
9.11123 0.00040
9.11594 0.00047
9.12048 0.00045
9.12517 0.00047
9.12978 0.00046
9.13435 0.00046
9.13945 0.00051
9.14415 0.00047
9.14914 0.00050
9.15371 0.00046
9.15798 0.00043
9.16280 0.00048
9.16765 0.00048
9.17270 0.00051
9.17734 0.00046
9.18159 0.00042
9.18633 0.00047
9.19175 0.00054
9.19674 0.00050
9.20241 0.00057
9.20736 0.00050
9.21122 0.00039
9.21564 0.00044
9.22084 0.00052
9.22565 0.00048
9.23039 0.00047
9.23490 0.00045
9.23960 0.00047
9.24363 0.00040
9.24909 0.00055
9.25338 0.00043
9.25877 0.00054
9.26309 0.00043
9.26662 0.00035
9.27185 0.00052
9.27727 0.00054
9.28189 0.00046
9.28716 0.00053
9.29170 0.00045
9.29678 0.00051
9.30045 0.00037
9.30609 0.00056
9.30990 0.00038
9.31531 0.00054
9.31980 0.00045
9.32548 0.00057
9.32961 0.00041
9.33508 0.00055
9.33930 0.00042
9.34435 0.00051
9.34854 0.00042
9.35311 0.00046
9.35674 0.00036
9.36051 0.00038
9.36435 0.00038
9.36779 0.00034
9.37272 0.00049
9.37642 0.00037
9.37994 0.00035
9.38397 0.00040
9.38667 0.00027
9.38952 0.00029
9.39322 0.00037
9.39650 0.00033
9.40098 0.00045
9.40427 0.00033
9.40851 0.00042
9.41334 0.00048
9.41754 0.00042
9.42178 0.00042
9.42541 0.00036
9.42958 0.00042
9.43333 0.00038
9.43776 0.00044
9.44257 0.00048
9.44727 0.00047
9.45213 0.00049
9.45662 0.00045
9.46087 0.00042
9.46568 0.00048
9.46983 0.00042
9.47359 0.00038
9.47643 0.00028
9.48138 0.00050
9.48561 0.00042
9.48936 0.00037
9.49348 0.00041
9.49724 0.00038
9.50163 0.00044
9.50518 0.00036
9.50926 0.00041
9.51421 0.00049
9.51795 0.00037
9.52245 0.00045
9.52619 0.00037
9.52946 0.00033
9.53358 0.00041
9.53733 0.00038
9.54150 0.00042
9.54606 0.00046
9.54974 0.00037
9.55386 0.00041
9.55795 0.00041
9.56182 0.00039
9.56696 0.00051
9.56968 0.00027
9.57428 0.00046
9.57811 0.00038
9.58224 0.00041
9.58700 0.00048
9.59093 0.00039
9.59585 0.00049
9.59896 0.00031
9.60286 0.00039
9.60656 0.00037
9.61031 0.00038
9.61520 0.00049
9.61946 0.00043
9.62359 0.00041
9.62809 0.00045
9.63195 0.00039
9.63654 0.00046
9.64109 0.00045
9.64527 0.00042
9.65039 0.00051
9.65402 0.00036
9.65858 0.00046
9.66256 0.00040
9.66723 0.00047
9.67094 0.00037
9.67470 0.00038
9.67941 0.00047
9.68282 0.00034
9.68818 0.00054
9.69222 0.00040
9.69732 0.00051
9.70143 0.00041
9.70656 0.00051
9.71030 0.00037
9.71522 0.00049
9.71900 0.00038
9.72371 0.00047
9.72803 0.00043
9.73137 0.00033
9.73560 0.00042
9.73971 0.00041
9.74252 0.00028
9.74563 0.00031
9.74988 0.00042
9.75318 0.00033
9.75694 0.00038
9.76032 0.00034
9.76384 0.00035
9.76773 0.00039
9.77146 0.00037
9.77526 0.00038
9.77924 0.00040
9.78212 0.00029
9.78637 0.00042
9.79022 0.00039
9.79411 0.00039
9.79756 0.00034
9.80150 0.00039
9.80612 0.00046
9.80987 0.00038
9.81457 0.00047
9.81849 0.00039
9.82284 0.00043
9.82654 0.00037
9.83059 0.00040
9.83551 0.00049
9.83868 0.00032
9.84401 0.00053
9.84760 0.00036
9.85252 0.00049
9.85662 0.00041
9.86001 0.00034
9.86498 0.00050
9.86820 0.00032
9.87318 0.00050
9.87686 0.00037
9.87975 0.00029
9.88481 0.00051
9.88848 0.00037
9.89267 0.00042
9.89687 0.00042
9.90131 0.00044
9.90619 0.00049
9.91073 0.00045
9.91569 0.00050
9.91984 0.00041
9.92539 0.00056
9.92950 0.00041
9.93525 0.00058
9.93957 0.00043
9.94525 0.00057
9.94926 0.00040
9.95431 0.00050
9.95895 0.00046
9.96412 0.00052
9.96981 0.00057
9.97385 0.00040
9.97841 0.00046
9.98303 0.00046
9.98803 0.00050
9.99263 0.00046
9.99773 0.00051
10.00233 0.00046
10.00694 0.00046
10.01066 0.00037
10.01552 0.00049
10.02025 0.00047
10.02412 0.00039
10.02864 0.00045
10.03273 0.00041
10.03707 0.00043
10.04125 0.00042
10.04523 0.00040
10.04981 0.00046
10.05396 0.00042
10.05954 0.00056
10.06444 0.00049
10.06836 0.00039
10.07343 0.00051
10.07708 0.00036
10.08168 0.00046
10.08639 0.00047
10.09020 0.00038
10.09446 0.00043
10.09730 0.00028
10.10186 0.00046
10.10616 0.00043
10.11061 0.00045
10.11507 0.00045
10.11943 0.00044
10.12346 0.00040
10.12825 0.00048
10.13302 0.00048
10.13554 0.00025
10.14066 0.00051
10.14474 0.00041
10.14949 0.00047
10.15343 0.00039
10.15832 0.00049
10.16206 0.00037
10.16556 0.00035
10.17057 0.00050
10.17477 0.00042
10.17861 0.00038
10.18349 0.00049
10.18747 0.00040
10.19174 0.00043
10.19464 0.00029
10.19898 0.00043
10.20293 0.00039
10.20750 0.00046
10.21201 0.00045
10.21586 0.00038
10.22022 0.00044
10.22363 0.00034
10.22798 0.00044
10.23186 0.00039
10.23627 0.00044
10.24084 0.00046
10.24357 0.00027
10.24932 0.00058
10.25693 0.00076
10.26390 0.00070
10.26904 0.00051
10.27676 0.00077
10.28453 0.00078
10.28997 0.00054
10.29528 0.00053
10.30209 0.00068
10.30656 0.00045
10.31080 0.00042
10.31516 0.00044
10.31855 0.00034
10.32284 0.00043
10.32681 0.00040
10.33131 0.00045
10.33480 0.00035
10.34061 0.00058
10.34404 0.00034
10.34957 0.00055
10.35395 0.00044
10.35938 0.00054
10.36361 0.00042
10.36996 0.00063
10.37499 0.00050
10.38097 0.00060
10.38569 0.00047
10.39110 0.00054
10.39656 0.00055
10.40179 0.00052
10.40687 0.00051
10.41149 0.00046
10.41654 0.00051
10.42095 0.00044
10.42484 0.00039
10.42904 0.00042
10.43364 0.00046
10.43822 0.00046
10.44198 0.00038
10.44646 0.00045
10.45036 0.00039
10.45396 0.00036
10.45844 0.00045
10.46257 0.00041
10.46636 0.00038
10.46969 0.00033
10.47372 0.00040
10.47777 0.00041
10.48097 0.00032
10.48651 0.00055
10.48958 0.00031
10.49434 0.00048
10.49842 0.00041
10.50303 0.00046
10.50828 0.00052
10.51352 0.00052
10.51756 0.00040
10.52162 0.00041
10.52727 0.00057
10.53129 0.00040
10.53696 0.00057
10.54095 0.00040
10.54591 0.00050
10.55014 0.00042
10.55439 0.00043
10.55802 0.00036
10.56265 0.00046
10.56601 0.00034
10.57039 0.00044
10.57503 0.00046
10.57744 0.00024
10.58345 0.00060
10.58696 0.00035
10.59319 0.00062
10.59672 0.00035
10.60186 0.00051
10.60662 0.00048
10.61222 0.00056
10.61698 0.00048
10.62179 0.00048
10.62593 0.00041
10.63089 0.00050
10.63585 0.00050
10.64118 0.00053
10.64663 0.00054
10.65073 0.00041
10.65451 0.00038
10.65902 0.00045
10.66347 0.00044
10.66835 0.00049
10.67314 0.00048
10.67810 0.00050
10.68245 0.00044
10.68747 0.00050
10.69203 0.00046
10.69616 0.00041
10.70048 0.00043
10.70382 0.00033
10.70850 0.00047
10.71152 0.00030
10.71636 0.00048
10.72017 0.00038
10.72404 0.00039
10.72938 0.00053
10.73249 0.00031
10.73859 0.00061
10.74158 0.00030
10.74726 0.00057
10.75186 0.00046
10.75793 0.00061
10.76266 0.00047
10.76839 0.00057
10.77515 0.00068
10.78040 0.00053
10.78520 0.00048
10.79067 0.00055
10.79555 0.00049
10.80038 0.00048
10.80468 0.00043
10.81021 0.00055
10.81621 0.00060
10.82082 0.00046
10.82637 0.00056
10.83134 0.00050
10.83700 0.00057
10.84199 0.00050
10.84655 0.00046
10.85132 0.00048
10.85516 0.00038
10.85952 0.00044
10.86345 0.00039
10.86734 0.00039
10.87288 0.00055
10.87685 0.00040
10.88181 0.00050
10.88557 0.00038
10.89066 0.00051
10.89430 0.00036
10.89853 0.00042
10.90365 0.00051
10.90753 0.00039
10.91182 0.00043
10.91514 0.00033
10.92021 0.00051
10.92344 0.00032
10.92850 0.00051
10.93176 0.00033
10.93773 0.00060
10.94119 0.00035
10.94684 0.00057
10.95121 0.00044
10.95690 0.00057
10.96229 0.00054
10.96924 0.00070
10.97481 0.00056
10.98059 0.00058
10.98717 0.00066
10.99382 0.00067
10.99989 0.00061
11.00656 0.00067
11.01217 0.00056
11.01753 0.00054
11.02296 0.00054
11.02844 0.00055
11.03356 0.00051
11.03740 0.00038
11.04114 0.00037
11.04707 0.00059
11.05265 0.00056
11.05898 0.00063
11.06430 0.00053
11.06989 0.00056
11.07533 0.00054
11.08046 0.00051
11.08596 0.00055
11.09093 0.00050
11.09569 0.00048
11.10063 0.00049
11.10452 0.00039
11.10897 0.00044
11.11393 0.00050
11.11878 0.00048
11.12365 0.00049
11.12840 0.00047
11.13288 0.00045
11.13743 0.00046
11.14230 0.00049
11.14564 0.00033
11.15068 0.00050
11.15485 0.00042
11.15924 0.00044
11.16300 0.00038
11.16677 0.00038
11.17137 0.00046
11.17552 0.00041
11.17993 0.00044
11.18375 0.00038
11.18887 0.00051
11.19213 0.00033
11.19633 0.00042
11.20062 0.00043
11.20555 0.00049
11.21043 0.00049
11.21374 0.00033
11.21856 0.00048
11.22310 0.00045
11.22851 0.00054
11.23274 0.00042
11.23818 0.00054
11.24342 0.00052
11.24795 0.00045
11.25453 0.00066
11.25967 0.00051
11.26616 0.00065
11.27067 0.00045
11.27731 0.00066
11.28086 0.00035
11.28761 0.00068
11.29157 0.00040
11.29687 0.00053
11.30103 0.00042
11.30625 0.00052
11.31220 0.00059
11.31712 0.00049
11.32257 0.00054
11.32730 0.00047
11.33341 0.00061
11.33882 0.00054
11.34449 0.00057
11.35010 0.00056
11.35447 0.00044
11.35856 0.00041
11.36391 0.00053
11.36830 0.00044
11.37389 0.00056
11.37856 0.00047
11.38365 0.00051
11.38825 0.00046
11.39321 0.00050
11.39791 0.00047
11.40287 0.00050
11.40701 0.00041
11.41142 0.00044
11.41539 0.00040
11.41973 0.00043
11.42471 0.00050
11.42812 0.00034
11.43204 0.00039
11.43668 0.00046
11.44217 0.00055
11.44638 0.00042
11.45198 0.00056
11.45625 0.00043
11.46075 0.00045
11.46658 0.00058
11.47135 0.00048
11.47724 0.00059
11.48139 0.00042
11.48722 0.00058
11.49207 0.00048
11.49868 0.00066
11.50356 0.00049
11.50877 0.00052
11.51329 0.00045
11.51874 0.00055
11.52334 0.00046
11.52762 0.00043
11.53312 0.00055
11.53748 0.00044
11.54233 0.00048
11.54610 0.00038
11.55037 0.00043
11.55533 0.00050
11.55991 0.00046
11.56498 0.00051
11.56913 0.00042
11.57290 0.00038
11.57698 0.00041
11.58141 0.00044
11.58524 0.00038
11.58902 0.00038
11.59344 0.00044
11.59807 0.00046
11.60089 0.00028
11.60572 0.00048
11.61003 0.00043
11.61410 0.00041
11.61854 0.00044
11.62324 0.00047
11.62792 0.00047
11.63195 0.00040
11.63656 0.00046
11.64103 0.00045
11.64543 0.00044
11.64971 0.00043
11.65361 0.00039
11.65869 0.00051
11.66470 0.00060
11.66929 0.00046
11.67492 0.00056
11.68039 0.00055
11.68449 0.00041
11.68972 0.00052
11.69397 0.00043
11.69846 0.00045
11.70351 0.00051
11.70739 0.00039
11.71234 0.00050
11.71723 0.00049
11.72299 0.00058
11.72789 0.00049
11.73226 0.00044
11.73866 0.00064
11.74327 0.00046
11.74743 0.00042
11.75220 0.00048
11.75666 0.00045
11.76104 0.00044
11.76628 0.00052
11.77112 0.00048
11.77623 0.00051
11.78176 0.00055
11.78758 0.00058
11.79306 0.00055
11.79955 0.00065
11.80568 0.00061
11.81149 0.00058
11.81776 0.00063
11.82213 0.00044
11.82663 0.00045
11.83124 0.00046
11.83668 0.00054
11.84184 0.00052
11.84680 0.00050
11.85249 0.00057
11.85700 0.00045
11.86105 0.00040
11.86486 0.00038
11.86843 0.00036
11.87134 0.00029
11.87611 0.00048
11.88089 0.00048
11.88694 0.00061
11.89114 0.00042
11.89646 0.00053
11.90109 0.00046
11.90518 0.00041
11.90999 0.00048
11.91249 0.00025
11.91757 0.00051
11.92265 0.00051
11.92893 0.00063
11.93428 0.00054
11.94038 0.00061
11.94448 0.00041
11.95018 0.00057
11.95429 0.00041
11.95966 0.00054
11.96402 0.00044
11.97013 0.00061
11.97448 0.00043
11.98018 0.00057
11.98516 0.00050
11.99004 0.00049
11.99502 0.00050
11.99980 0.00048
12.00471 0.00049
12.00948 0.00048
12.01435 0.00049
12.01946 0.00051
12.02251 0.00031
12.02826 0.00057
12.03201 0.00038
12.03758 0.00056
12.04175 0.00042
12.04623 0.00045
12.05027 0.00040
12.05460 0.00043
12.05969 0.00051
12.06420 0.00045
12.06950 0.00053
12.07401 0.00045
12.07948 0.00055
12.08401 0.00045
12.08918 0.00052
12.09375 0.00046
12.09882 0.00051
12.10387 0.00051
12.10890 0.00050
12.11403 0.00051
12.11856 0.00045
12.12457 0.00060
12.12852 0.00039
12.13341 0.00049
12.13762 0.00042
12.14288 0.00053
12.14726 0.00044
12.15223 0.00050
12.15806 0.00058
12.16297 0.00049
12.16821 0.00052
12.17351 0.00053
12.17835 0.00048
12.18358 0.00052
12.18852 0.00049
12.19357 0.00051
12.19788 0.00043
12.20296 0.00051
12.20745 0.00045
12.21233 0.00049
12.21580 0.00035
12.21992 0.00041
12.22467 0.00047
12.22854 0.00039
12.23400 0.00055
12.23714 0.00031
12.24199 0.00049
12.24599 0.00040
12.25036 0.00044
12.25440 0.00040
12.25845 0.00040
12.26343 0.00050
12.26731 0.00039
12.27311 0.00058
12.27641 0.00033
12.27940 0.00030
12.28258 0.00032
12.28848 0.00059
12.29235 0.00039
12.29812 0.00058
12.30227 0.00041
12.30780 0.00055
12.31184 0.00040
12.31569 0.00038
12.31979 0.00041
12.32385 0.00041
12.32794 0.00041
12.33229 0.00043
12.33631 0.00040
12.34150 0.00052
12.34574 0.00042
12.34890 0.00032
12.35294 0.00040
12.35877 0.00058
12.36384 0.00051
12.36996 0.00061
12.37537 0.00054
12.38056 0.00052
12.38557 0.00050
12.38947 0.00039
12.39444 0.00050
12.39809 0.00037
12.40248 0.00044
12.40736 0.00049
12.41148 0.00041
12.41630 0.00048
12.42102 0.00047
12.42647 0.00054
12.43159 0.00051
12.43675 0.00052
12.44283 0.00061
12.44655 0.00037
12.45275 0.00062
12.45650 0.00037
12.46049 0.00040
12.46511 0.00046
12.46864 0.00035
12.47369 0.00051
12.47867 0.00050
12.48339 0.00047
12.48791 0.00045
12.49313 0.00052
12.49874 0.00056
12.50512 0.00064
12.51051 0.00054
12.51474 0.00042
12.51910 0.00044
12.52371 0.00046
12.52868 0.00050
12.53244 0.00038
12.53719 0.00047
12.54131 0.00041
12.54603 0.00047
12.54991 0.00039
12.55315 0.00032
12.55812 0.00050
12.56185 0.00037
12.56709 0.00052
12.57058 0.00035
12.57528 0.00047
12.57989 0.00046
12.58599 0.00061
12.58913 0.00031
12.59457 0.00054
12.59833 0.00038
12.60284 0.00045
12.60648 0.00036
12.60950 0.00030
12.61445 0.00049
12.61844 0.00040
12.62219 0.00037
12.62716 0.00050
12.63201 0.00049
12.63684 0.00048
12.64195 0.00051
12.64628 0.00043
12.65091 0.00046
12.65551 0.00046
12.65828 0.00028
12.66202 0.00037
12.66565 0.00036
12.66869 0.00030
12.67208 0.00034
12.67575 0.00037
12.67997 0.00042
12.68300 0.00030
12.68687 0.00039
12.69100 0.00041
12.69463 0.00036
12.69895 0.00043
12.70277 0.00038
12.70646 0.00037
12.71056 0.00041
12.71364 0.00031
12.71834 0.00047
12.72242 0.00041
12.72756 0.00051
12.73216 0.00046
12.73558 0.00034
12.74029 0.00047
12.74527 0.00050
12.74996 0.00047
12.75500 0.00050
12.75897 0.00040
12.76438 0.00054
12.76763 0.00033
12.77192 0.00043
12.77684 0.00049
12.78125 0.00044
12.78472 0.00035
12.78879 0.00041
12.79312 0.00043
12.79678 0.00037
12.80113 0.00043
12.80587 0.00047
12.81028 0.00044
12.81459 0.00043
12.81818 0.00036
12.82160 0.00034
12.82678 0.00052
12.83100 0.00042
12.83657 0.00056
12.84017 0.00036
12.84516 0.00050
12.84895 0.00038
12.85347 0.00045
12.85717 0.00037
12.86307 0.00059
12.86745 0.00044
12.87295 0.00055
12.87791 0.00050
12.88381 0.00059
12.88975 0.00059
12.89478 0.00050
12.89948 0.00047
12.90332 0.00038
12.90752 0.00042
12.91179 0.00043
12.91659 0.00048
12.92087 0.00043
12.92493 0.00041
12.92864 0.00037
12.93288 0.00042
12.93717 0.00043
12.94074 0.00036
12.94532 0.00046
12.94947 0.00041
12.95311 0.00036
12.95607 0.00030
12.95950 0.00034
12.96421 0.00047
12.96677 0.00026
12.97161 0.00048
12.97524 0.00036
12.97871 0.00035
12.98265 0.00039
12.98693 0.00043
12.99129 0.00044
12.99623 0.00049
13.00097 0.00047
13.00571 0.00047
13.01072 0.00050
13.01561 0.00049
13.02118 0.00056
13.02715 0.00060
13.03296 0.00058
13.03744 0.00045
13.04280 0.00054
13.04759 0.00048
13.05246 0.00049
13.05696 0.00045
13.06169 0.00047
13.06507 0.00034
13.07004 0.00050
13.07492 0.00049
13.07999 0.00051
13.08431 0.00043
13.08977 0.00055
13.09549 0.00057
13.10047 0.00050
13.10647 0.00060
13.11169 0.00052
13.11629 0.00046
13.12212 0.00058
13.12608 0.00040
13.13185 0.00058
13.13565 0.00038
13.14156 0.00059
13.14545 0.00039
13.15113 0.00057
13.15477 0.00036
13.16018 0.00054
13.16462 0.00044
13.17061 0.00060
13.17483 0.00042
13.18030 0.00055
13.18397 0.00037
13.19012 0.00061
13.19364 0.00035
13.19867 0.00050
13.20254 0.00039
13.20824 0.00057
13.21217 0.00039
13.21664 0.00045
13.22140 0.00048
13.22552 0.00041
13.23031 0.00048
13.23575 0.00054
13.24053 0.00048
13.24412 0.00036
13.24889 0.00048
13.25249 0.00036
13.25846 0.00060
13.26236 0.00039
13.26958 0.00072
13.27380 0.00042
13.28017 0.00064
13.28501 0.00048
13.29028 0.00053
13.29459 0.00043
13.29968 0.00051
13.30450 0.00048
13.30922 0.00047
13.31343 0.00042
13.31728 0.00038
13.32081 0.00035
13.32486 0.00041
13.32941 0.00045
13.33397 0.00046
13.33924 0.00053
13.34452 0.00053
13.34903 0.00045
13.35255 0.00035
13.35792 0.00054
13.36122 0.00033
13.36608 0.00049
13.37056 0.00045
13.37447 0.00039
13.37841 0.00039
13.38185 0.00034
13.38546 0.00036
13.39038 0.00049
13.39590 0.00055
13.39971 0.00038
13.40294 0.00032
13.40728 0.00043
13.41165 0.00044
13.41651 0.00049
13.42090 0.00044
13.42495 0.00041
13.42886 0.00039
13.43345 0.00046
13.43766 0.00042
13.44169 0.00040
13.44605 0.00044
13.44937 0.00033
13.45324 0.00039
13.45872 0.00055
13.46245 0.00037
13.46706 0.00046
13.47116 0.00041
13.47456 0.00034
13.47868 0.00041
13.48206 0.00034
13.48667 0.00046
13.49091 0.00042
13.49370 0.00028
13.49821 0.00045
13.50292 0.00047
13.50833 0.00054
13.51266 0.00043
13.51577 0.00031
13.51970 0.00039
13.52432 0.00046
13.52811 0.00038
13.53293 0.00048
13.53683 0.00039
13.53975 0.00029
13.54406 0.00043
13.54812 0.00041
13.55232 0.00042
13.55790 0.00056
13.56121 0.00033
13.56758 0.00064
13.57185 0.00043
13.57486 0.00030
13.57800 0.00031
13.58264 0.00046
13.58685 0.00042
13.59036 0.00035
13.59418 0.00038
13.59860 0.00044
13.60372 0.00051
13.60932 0.00056
13.61358 0.00043
13.61839 0.00048
13.62240 0.00040
13.62547 0.00031
13.63090 0.00054
13.63403 0.00031
13.63962 0.00056
13.64435 0.00047
13.64949 0.00051
13.65295 0.00035
13.65814 0.00052
13.66130 0.00032
13.66610 0.00048
13.66962 0.00035
13.67291 0.00033
13.67704 0.00041
13.68053 0.00035
13.68491 0.00044
13.68803 0.00031
13.69169 0.00037
13.69570 0.00040
13.69887 0.00032
13.70283 0.00040
13.70630 0.00035
13.70982 0.00035
13.71436 0.00045
13.71830 0.00039
13.72236 0.00041
13.72614 0.00038
13.72970 0.00036
13.73472 0.00050
13.73860 0.00039
13.74210 0.00035
13.74574 0.00036
13.74950 0.00038
13.75525 0.00058
13.75803 0.00028
13.76208 0.00041
13.76707 0.00050
13.77081 0.00037
13.77579 0.00050
13.77954 0.00037
13.78512 0.00056
13.78848 0.00034
13.79352 0.00050
13.79699 0.00035
13.80210 0.00051
13.80581 0.00037
13.80956 0.00037
13.81312 0.00036
13.81695 0.00038
13.82150 0.00046
13.82424 0.00027
13.82701 0.00028
13.83079 0.00038
13.83525 0.00045
13.83862 0.00034
13.84218 0.00036
13.84738 0.00052
13.85146 0.00041
13.85645 0.00050
13.86033 0.00039
13.86587 0.00055
13.87090 0.00050
13.87584 0.00049
13.88150 0.00057
13.88658 0.00051
13.89158 0.00050
13.89529 0.00037
13.90006 0.00048
13.90493 0.00049
13.91058 0.00057
13.91519 0.00046
13.92064 0.00055
13.92535 0.00047
13.93031 0.00050
13.93505 0.00047
13.94062 0.00056
13.94487 0.00042
13.95033 0.00055
13.95444 0.00041
13.96042 0.00060
13.96495 0.00045
13.96968 0.00047
13.97391 0.00042
13.97794 0.00040
13.98244 0.00045
13.98656 0.00041
13.99179 0.00052
13.99559 0.00038
14.00063 0.00050
14.00460 0.00040
14.00846 0.00039
14.01345 0.00050
14.01658 0.00031
14.02131 0.00047
14.58448 0.05632
14.58637 0.00019
14.58786 0.00015
14.58906 0.00012
14.59026 0.00012
14.59150 0.00012
14.59427 0.00028
14.59918 0.00049
14.60254 0.00034
14.60523 0.00027
14.60860 0.00034
14.61209 0.00035
14.61593 0.00038
14.62045 0.00045
14.62429 0.00038
14.62767 0.00034
14.63168 0.00040
14.63398 0.00023
14.63818 0.00042
14.64147 0.00033
14.64527 0.00038
14.64901 0.00037
14.65255 0.00035
14.65743 0.00049
14.66182 0.00044
14.66611 0.00043
14.66924 0.00031
14.67413 0.00049
14.67838 0.00043
14.68283 0.00045
14.68680 0.00040
14.69180 0.00050
14.69531 0.00035
14.69942 0.00041
14.70450 0.00051
14.70802 0.00035
14.71116 0.00031
14.71520 0.00040
14.71860 0.00034
14.72256 0.00040
14.72593 0.00034
14.73168 0.00057
14.73508 0.00034
14.73812 0.00030
14.74263 0.00045
14.74673 0.00041
14.75124 0.00045
14.75573 0.00045
14.75958 0.00038
14.76341 0.00038
14.76653 0.00031
14.76951 0.00030
14.77321 0.00037
14.77670 0.00035
14.77987 0.00032
14.78409 0.00042
14.78751 0.00034
14.79058 0.00031
14.79449 0.00039
14.79925 0.00048
14.80249 0.00032
14.80560 0.00031
14.80978 0.00042
14.81444 0.00047
14.81841 0.00040
14.82175 0.00033
14.82509 0.00033
14.82920 0.00041
14.83353 0.00043
14.83719 0.00037
14.84122 0.00040
14.84610 0.00049
14.85014 0.00040
14.85570 0.00056
14.85938 0.00037
14.86276 0.00034
14.86635 0.00036
14.87130 0.00049
14.87506 0.00038
14.87933 0.00043
14.88285 0.00035
14.88600 0.00031
14.89035 0.00043
14.89423 0.00039
14.89859 0.00044
14.90154 0.00029
14.90513 0.00036
14.90923 0.00041
14.91158 0.00024
14.91413 0.00026
14.91651 0.00024
14.91916 0.00026
14.92364 0.00045
14.92702 0.00034
14.92946 0.00024
14.93351 0.00041
14.93684 0.00033
14.94073 0.00039
14.94505 0.00043
14.94809 0.00030
14.95346 0.00054
14.95564 0.00022
14.95997 0.00043
14.96364 0.00037
14.96760 0.00040
14.97018 0.00026
14.97459 0.00044
14.97843 0.00038
14.98334 0.00049
14.98717 0.00038
14.99030 0.00031
14.99453 0.00042
14.99727 0.00027
15.00179 0.00045
15.00497 0.00032
15.00907 0.00041
15.01347 0.00044
15.01586 0.00024
15.01905 0.00032
15.02367 0.00046
15.02701 0.00033
15.03041 0.00034
15.03536 0.00050
15.03849 0.00031
15.04177 0.00033
15.04473 0.00030
15.04929 0.00046
15.05219 0.00029
15.05681 0.00046
15.06126 0.00044
15.06530 0.00040
15.06843 0.00031
15.07291 0.00045
15.07740 0.00045
15.08091 0.00035
15.08575 0.00048
15.09062 0.00049
15.09544 0.00048
15.10006 0.00046
15.10461 0.00045
15.10816 0.00036
15.11202 0.00039
15.11626 0.00042
15.12086 0.00046
15.12511 0.00042
15.12915 0.00040
15.13251 0.00034
15.13574 0.00032
15.13977 0.00040
15.14368 0.00039
15.14668 0.00030
15.15087 0.00042
15.15487 0.00040
15.15866 0.00038
15.16194 0.00033
15.16532 0.00034
15.16908 0.00038
15.17405 0.00050
15.17817 0.00041
15.18179 0.00036
15.18486 0.00031
15.18933 0.00045
15.19260 0.00033
15.19733 0.00047
15.20106 0.00037
15.20606 0.00050
15.20905 0.00030
15.21124 0.00022
15.21522 0.00040
15.21937 0.00042
15.22212 0.00027
15.22552 0.00034
15.23055 0.00050
15.23453 0.00040
15.23746 0.00029
15.24098 0.00035
15.24460 0.00036
15.24883 0.00042
15.25270 0.00039
15.25573 0.00030
15.25893 0.00032
15.26307 0.00041
15.26670 0.00036
15.26932 0.00026
15.27258 0.00033
15.27567 0.00031
15.28031 0.00046
15.28420 0.00039
15.28798 0.00038
15.29146 0.00035
15.29485 0.00034
15.29900 0.00042
15.30252 0.00035
15.30603 0.00035
15.31076 0.00047
15.31475 0.00040
15.31990 0.00052
15.32360 0.00037
15.32708 0.00035
15.33110 0.00040
15.33470 0.00036
15.33886 0.00042
15.34304 0.00042
15.34682 0.00038
15.35082 0.00040
15.35737 0.00065
15.36188 0.00045
15.36595 0.00041
15.36886 0.00029
15.37417 0.00053
15.37905 0.00049
15.38260 0.00035
15.38640 0.00038
15.39089 0.00045
15.39656 0.00057
15.40098 0.00044
15.40442 0.00034
15.40729 0.00029
15.41125 0.00040
15.41659 0.00053
15.42128 0.00047
15.42613 0.00048
15.43005 0.00039
15.43475 0.00047
15.43903 0.00043
15.44227 0.00032
15.44565 0.00034
15.44967 0.00040
15.45328 0.00036
15.45774 0.00045
15.46123 0.00035
15.46513 0.00039
15.46806 0.00029
15.47173 0.00037
15.47617 0.00044
15.48014 0.00040
15.48350 0.00034
15.48703 0.00035
15.49059 0.00036
15.49334 0.00027
15.49693 0.00036
15.50218 0.00053
15.50608 0.00039
15.51023 0.00041
15.51320 0.00030
15.51748 0.00043
15.52278 0.00053
15.52836 0.00056
15.53213 0.00038
15.53622 0.00041
15.53995 0.00037
15.54422 0.00043
15.54782 0.00036
15.55295 0.00051
15.55733 0.00044
15.56142 0.00041
15.56468 0.00033
15.57076 0.00061
15.57470 0.00039
15.57880 0.00041
15.58301 0.00042
15.58831 0.00053
15.59089 0.00026
15.59575 0.00049
15.59972 0.00040
15.60331 0.00036
15.60900 0.00057
15.61396 0.00050
15.61699 0.00030
15.62161 0.00046
15.62699 0.00054
15.63250 0.00055
15.63601 0.00035
15.63989 0.00039
15.64487 0.00050
15.64948 0.00046
15.65554 0.00061
15.66122 0.00057
15.66653 0.00053
15.67018 0.00036
15.67426 0.00041
15.68061 0.00064
15.68506 0.00044
15.69042 0.00054
15.69486 0.00044
15.70174 0.00069
15.70797 0.00062
15.71425 0.00063
15.71903 0.00048
15.72393 0.00049
15.72866 0.00047
15.73282 0.00042
15.73988 0.00071
15.74370 0.00038
15.74990 0.00062
15.75556 0.00057
15.76088 0.00053
15.76742 0.00065
15.77434 0.00069
15.77964 0.00053
15.78355 0.00039
15.78884 0.00053
15.79516 0.00063
15.80194 0.00068
15.80964 0.00077
15.81554 0.00059
15.82147 0.00059
15.82753 0.00061
15.83359 0.00061
15.83913 0.00055
15.84397 0.00048
15.84896 0.00050
15.85494 0.00060
15.86149 0.00066
15.86791 0.00064
15.87412 0.00062
15.87933 0.00052
15.88555 0.00062
15.89146 0.00059
15.89738 0.00059
15.90357 0.00062
15.90950 0.00059
15.91436 0.00049
15.91837 0.00040
15.92464 0.00063
15.92950 0.00049
15.93677 0.00073
15.94074 0.00040
15.94585 0.00051
15.95234 0.00065
15.95649 0.00042
15.96221 0.00057
15.96766 0.00054
15.97285 0.00052
15.97930 0.00065
15.98428 0.00050
15.98992 0.00056
15.99464 0.00047
16.00065 0.00060
16.00669 0.00060
16.01042 0.00037
16.01540 0.00050
16.02191 0.00065
16.02701 0.00051
16.03295 0.00059
16.03816 0.00052
16.04344 0.00053
16.04774 0.00043
16.05393 0.00062
16.05803 0.00041
16.06369 0.00057
16.06808 0.00044
16.07421 0.00061
16.08016 0.00060
16.08456 0.00044
16.09003 0.00055
16.09614 0.00061
16.10022 0.00041
16.10597 0.00057
16.11154 0.00056
16.11750 0.00060
16.12356 0.00061
16.12866 0.00051
16.13282 0.00042
16.13858 0.00058
16.14249 0.00039
16.14834 0.00058
16.15333 0.00050
16.15913 0.00058
16.16400 0.00049
16.16852 0.00045
16.17508 0.00066
16.17855 0.00035
16.18231 0.00038
16.18822 0.00059
16.19368 0.00055
16.19902 0.00053
16.20413 0.00051
16.20851 0.00044
16.21332 0.00048
16.21830 0.00050
16.22304 0.00047
16.22875 0.00057
16.23372 0.00050
16.23933 0.00056
16.24451 0.00052
16.24964 0.00051
16.25589 0.00063
16.25929 0.00034
16.26317 0.00039
16.26751 0.00043
16.27293 0.00054
16.27684 0.00039
16.28237 0.00055
16.28840 0.00060
16.29135 0.00030
16.29463 0.00033
16.30048 0.00058
16.30579 0.00053
16.31129 0.00055
16.31587 0.00046
16.32082 0.00050
16.32570 0.00049
16.33068 0.00050
16.33751 0.00068
16.34328 0.00058
16.34716 0.00039
16.35164 0.00045
16.35728 0.00056
16.36176 0.00045
16.36605 0.00043
16.37135 0.00053
16.37687 0.00055
16.38015 0.00033
16.38424 0.00041
16.38971 0.00055
16.39491 0.00052
16.40175 0.00068
16.40739 0.00056
16.41297 0.00056
16.41830 0.00053
16.42449 0.00062
16.43115 0.00067
16.43660 0.00054
16.44028 0.00037
16.44460 0.00043
16.45101 0.00064
16.45451 0.00035
16.45972 0.00052
16.46554 0.00058
16.47180 0.00063
16.47523 0.00034
16.48080 0.00056
16.48680 0.00060
16.49176 0.00050
16.49779 0.00060
16.50359 0.00058
16.50946 0.00059
16.51608 0.00066
16.52272 0.00066
16.52809 0.00054
16.53294 0.00049
16.53903 0.00061
16.54371 0.00047
16.54905 0.00053
16.55301 0.00040
16.55945 0.00064
16.56452 0.00051
16.56998 0.00055
16.57662 0.00066
16.58229 0.00057
16.58700 0.00047
16.59252 0.00055
16.59807 0.00055
16.60467 0.00066
16.61100 0.00063
16.61874 0.00077
16.62474 0.00060
16.63042 0.00057
16.63590 0.00055
16.64208 0.00062
16.64872 0.00066
16.65377 0.00051
16.65952 0.00058
16.66507 0.00055
16.67090 0.00058
16.67782 0.00069
16.68617 0.00084
16.69284 0.00067
16.69827 0.00054
16.70274 0.00045
16.70856 0.00058
16.71496 0.00064
16.72019 0.00052
16.72541 0.00052
16.72922 0.00038
16.73451 0.00053
16.73835 0.00038
16.74495 0.00066
16.75011 0.00052
16.75623 0.00061
16.76270 0.00065
16.76754 0.00048
16.77251 0.00050
16.77879 0.00063
16.78618 0.00074
16.79033 0.00041
16.79563 0.00053
16.80127 0.00056
16.80656 0.00053
16.81142 0.00049
16.81665 0.00052
16.82221 0.00056
16.82786 0.00056
16.83336 0.00055
16.83998 0.00066
16.84472 0.00047
16.85155 0.00068
16.85715 0.00056
16.86343 0.00063
16.87000 0.00066
16.87621 0.00062
16.88092 0.00047
16.88623 0.00053
16.89204 0.00058
16.89859 0.00066
16.90305 0.00045
16.90819 0.00051
16.91299 0.00048
16.91843 0.00054
16.92441 0.00060
16.93009 0.00057
16.93587 0.00058
16.94096 0.00051
16.94499 0.00040
16.94920 0.00042
16.95429 0.00051
16.95904 0.00047
16.96391 0.00049
16.96993 0.00060
16.97525 0.00053
16.98267 0.00074
16.98675 0.00041
16.99271 0.00060
16.99692 0.00042
17.00194 0.00050
17.00869 0.00068
17.01483 0.00061
17.01970 0.00049
17.02551 0.00058
17.02967 0.00042
17.03498 0.00053
17.03993 0.00049
17.04370 0.00038
17.04908 0.00054
17.05369 0.00046
17.05823 0.00045
17.06202 0.00038
17.06662 0.00046
17.07142 0.00048
17.07690 0.00055
17.08103 0.00041
17.08727 0.00062
17.09436 0.00071
17.09917 0.00048
17.10658 0.00074
17.11022 0.00036
17.11637 0.00062
17.12184 0.00055
17.12703 0.00052
17.13320 0.00062
17.13875 0.00055
17.14469 0.00059
17.14971 0.00050
17.15331 0.00036
17.15804 0.00047
17.16382 0.00058
17.16955 0.00057
17.17584 0.00063
17.18227 0.00064
17.18771 0.00054
17.19304 0.00053
17.19789 0.00049
17.20483 0.00069
17.20808 0.00033
17.21209 0.00040
17.21739 0.00053
17.22280 0.00054
17.22844 0.00056
17.23423 0.00058
17.23776 0.00035
17.24332 0.00056
17.24746 0.00041
17.25129 0.00038
17.25704 0.00057
17.26345 0.00064
17.26841 0.00050
17.27470 0.00063
17.27978 0.00051
17.28389 0.00041
17.28851 0.00046
17.29456 0.00061
17.30064 0.00061
17.30720 0.00066
17.31224 0.00050
17.31833 0.00061
17.32445 0.00061
17.32835 0.00039
17.33443 0.00061
17.34006 0.00056
17.34566 0.00056
17.35024 0.00046
17.35617 0.00059
17.36126 0.00051
17.36648 0.00052
17.37241 0.00059
17.37762 0.00052
17.38248 0.00049
17.38768 0.00052
17.39409 0.00064
17.39868 0.00046
17.40459 0.00059
17.41005 0.00055
17.41682 0.00068
17.42137 0.00045
17.42646 0.00051
17.43201 0.00056
17.43787 0.00059
17.44362 0.00057
17.44853 0.00049
17.45418 0.00056
17.45940 0.00052
17.46471 0.00053
17.46898 0.00043
17.47553 0.00066
17.48057 0.00050
17.48577 0.00052
17.49230 0.00065
17.49776 0.00055
17.50372 0.00060
17.50865 0.00049
17.51410 0.00055
17.52015 0.00061
17.52547 0.00053
17.53106 0.00056
17.53678 0.00057
17.54117 0.00044
17.54703 0.00059
17.55189 0.00049
17.55870 0.00068
17.56451 0.00058
17.57072 0.00062
17.57650 0.00058
17.58094 0.00044
17.58643 0.00055
17.59099 0.00046
17.59624 0.00053
17.60141 0.00052
17.60627 0.00049
17.61116 0.00049
17.61643 0.00053
17.62298 0.00066
17.62752 0.00045
17.63395 0.00064
17.63938 0.00054
17.64567 0.00063
17.65086 0.00052
17.65527 0.00044
17.66119 0.00059
17.66553 0.00043
17.67199 0.00065
17.67875 0.00068
17.68588 0.00071
17.69064 0.00048
17.69658 0.00059
17.70236 0.00058
17.70899 0.00066
17.71351 0.00045
17.71967 0.00062
17.72503 0.00054
17.73057 0.00055
17.73579 0.00052
17.74231 0.00065
17.74736 0.00050
17.75215 0.00048
17.75830 0.00062
17.76254 0.00042
17.76671 0.00042
17.77201 0.00053
17.77864 0.00066
17.78313 0.00045
17.78984 0.00067
17.79476 0.00049
17.80086 0.00061
17.80675 0.00059
17.81122 0.00045
17.81688 0.00057
17.82120 0.00043
17.82580 0.00046
17.83223 0.00064
17.83862 0.00064
17.84495 0.00063
17.84871 0.00038
17.85339 0.00047
17.85781 0.00044
17.86285 0.00050
17.86920 0.00064
17.87499 0.00058
17.88117 0.00062
17.88811 0.00069
17.89294 0.00048
17.89874 0.00058
17.90369 0.00049
17.91012 0.00064
17.91604 0.00059
17.92235 0.00063
17.92838 0.00060
17.93516 0.00068
17.94087 0.00057
17.94618 0.00053
17.95176 0.00056
17.95697 0.00052
17.96255 0.00056
17.96722 0.00047
17.97254 0.00053
17.97861 0.00061
17.98332 0.00047
17.98820 0.00049
17.99363 0.00054
17.99993 0.00063
18.00560 0.00057
18.01048 0.00049
18.01528 0.00048
18.01918 0.00039
18.02536 0.00062
18.03227 0.00069
18.04014 0.00079
18.04558 0.00054
18.05251 0.00069
18.05817 0.00057
18.06401 0.00058
18.06970 0.00057
18.07553 0.00058
18.08038 0.00049
18.08690 0.00065
18.09307 0.00062
18.09915 0.00061
18.10442 0.00053
18.10908 0.00047
18.11375 0.00047
18.11999 0.00062
18.12500 0.00050
18.12998 0.00050
18.13617 0.00062
18.14071 0.00045
18.14748 0.00068
18.15226 0.00048
18.15699 0.00047
18.16211 0.00051
18.16854 0.00064
18.17457 0.00060
18.18064 0.00061
18.18815 0.00075
18.19327 0.00051
18.19821 0.00049
18.20254 0.00043
18.21034 0.00078
18.21748 0.00071
18.22327 0.00058
18.22910 0.00058
18.23430 0.00052
18.24182 0.00075
18.24786 0.00060
18.25356 0.00057
18.25905 0.00055
18.26434 0.00053
18.26843 0.00041
18.27418 0.00057
18.27899 0.00048
18.28432 0.00053
18.28942 0.00051
18.29498 0.00056
18.30025 0.00053
18.30551 0.00053
18.31158 0.00061
18.31729 0.00057
18.32358 0.00063
18.32810 0.00045
18.33219 0.00041
18.33723 0.00050
18.34235 0.00051
18.34851 0.00062
18.35556 0.00070
18.36007 0.00045
18.36640 0.00063
18.37167 0.00053
18.37675 0.00051
18.38172 0.00050
18.38863 0.00069
18.39573 0.00071
18.40199 0.00063
18.40805 0.00061
18.41268 0.00046
18.41841 0.00057
18.42410 0.00057
18.43057 0.00065
18.43697 0.00064
18.44265 0.00057
18.45052 0.00079
18.45648 0.00060
18.46151 0.00050
18.46677 0.00053
18.47255 0.00058
18.47780 0.00052
18.48370 0.00059
18.48916 0.00055
18.49502 0.00059
18.50090 0.00059
18.50670 0.00058
18.51094 0.00042
18.51687 0.00059
18.52152 0.00047
18.52755 0.00060
18.53239 0.00048
18.53800 0.00056
18.54466 0.00067
18.54995 0.00053
18.55385 0.00039
18.55972 0.00059
18.56438 0.00047
18.56872 0.00043
18.57507 0.00063
18.58084 0.00058
18.58644 0.00056
18.59441 0.00080
18.60027 0.00059
18.60700 0.00067
18.61413 0.00071
18.62044 0.00063
18.62601 0.00056
18.63148 0.00055
18.63677 0.00053
18.64296 0.00062
18.64809 0.00051
18.65495 0.00069
18.66006 0.00051
18.66514 0.00051
18.67032 0.00052
18.67695 0.00066
18.68314 0.00062
18.68827 0.00051
18.69389 0.00056
18.69985 0.00060
18.70658 0.00067
18.71256 0.00060
18.71796 0.00054
18.72335 0.00054
18.72907 0.00057
18.73451 0.00054
18.74010 0.00056
18.74663 0.00065
18.75258 0.00060
18.75764 0.00051
18.76346 0.00058
18.76913 0.00057
18.77671 0.00076
18.78322 0.00065
18.78831 0.00051
18.79580 0.00075
18.80173 0.00059
18.80632 0.00046
18.81153 0.00052
18.81748 0.00059
18.82257 0.00051
18.82775 0.00052
18.83332 0.00056
18.83865 0.00053
18.84337 0.00047
18.84871 0.00053
18.85384 0.00051
18.85934 0.00055
18.86596 0.00066
18.87075 0.00048
18.87523 0.00045
18.88113 0.00059
18.88639 0.00053
18.89074 0.00044
18.89520 0.00045
18.90121 0.00060
18.90650 0.00053
18.91201 0.00055
18.91907 0.00071
18.92516 0.00061
18.93072 0.00056
18.93642 0.00057
18.94274 0.00063
18.94853 0.00058
18.95348 0.00050
18.95979 0.00063
18.96475 0.00050
18.97119 0.00064
18.97726 0.00061
18.98223 0.00050
18.98766 0.00054
18.99202 0.00044
18.99844 0.00064
19.00535 0.00069
19.01128 0.00059
19.01648 0.00052
19.02157 0.00051
19.02581 0.00042
19.03136 0.00055
19.03634 0.00050
19.04069 0.00044
19.04628 0.00056
19.05053 0.00042
19.05560 0.00051
19.06047 0.00049
19.06663 0.00062
19.07353 0.00069
19.07984 0.00063
19.08612 0.00063
19.09072 0.00046
19.09520 0.00045
19.10046 0.00053
19.10662 0.00062
19.11137 0.00048
19.11755 0.00062
19.12280 0.00053
19.12784 0.00050
19.13306 0.00052
19.13911 0.00060
19.14495 0.00058
19.14969 0.00047
19.15630 0.00066
19.16274 0.00064
19.16903 0.00063
19.17582 0.00068
19.18114 0.00053
19.18601 0.00049
19.19177 0.00058
19.19725 0.00055
19.20426 0.00070
19.20812 0.00039
19.21396 0.00058
19.22102 0.00071
19.22913 0.00081
19.23397 0.00048
19.24053 0.00066
19.24668 0.00062
19.25317 0.00065
19.25866 0.00055
19.26486 0.00062
19.26945 0.00046
19.27418 0.00047
19.27937 0.00052
19.28380 0.00044
19.29025 0.00065
19.29596 0.00057
19.30048 0.00045
19.30650 0.00060
19.31189 0.00054
19.31676 0.00049
19.32295 0.00062
19.32746 0.00045
19.33227 0.00048
19.33572 0.00035
19.33835 0.00026
19.34583 0.00075
19.35158 0.00058
19.35640 0.00048
19.36126 0.00049
19.36656 0.00053
19.37006 0.00035
19.37614 0.00061
19.38121 0.00051
19.38766 0.00064
19.39523 0.00076
19.40189 0.00067
19.40851 0.00066
19.41617 0.00077
19.42114 0.00050
19.42736 0.00062
19.43303 0.00057
19.43909 0.00061
19.44477 0.00057
19.45013 0.00054
19.45727 0.00071
19.46357 0.00063
19.46867 0.00051
19.47425 0.00056
19.48067 0.00064
19.48579 0.00051
19.49141 0.00056
19.49649 0.00051
19.50162 0.00051
19.50681 0.00052
19.51142 0.00046
19.51613 0.00047
19.52063 0.00045
19.52593 0.00053
19.53163 0.00057
19.53724 0.00056
19.54278 0.00055
19.54786 0.00051
19.55356 0.00057
19.55875 0.00052
19.56411 0.00054
19.56933 0.00052
19.57478 0.00054
19.58167 0.00069
19.58895 0.00073
19.59558 0.00066
19.60061 0.00050
19.60674 0.00061
19.61230 0.00056
19.61863 0.00063
19.62419 0.00056
19.62973 0.00055
19.63618 0.00065
19.64128 0.00051
19.64632 0.00050
19.65216 0.00058
19.65838 0.00062
19.66342 0.00050
19.66973 0.00063
19.67409 0.00044
19.68058 0.00065
19.68774 0.00072
19.69254 0.00048
19.69948 0.00069
19.70442 0.00049
19.71024 0.00058
19.71523 0.00050
19.72009 0.00049
19.72487 0.00048
19.73017 0.00053
19.73553 0.00054
19.74158 0.00060
19.74726 0.00057
19.75246 0.00052
19.75802 0.00056
19.76225 0.00042
19.76795 0.00057
19.77400 0.00060
19.77935 0.00054
19.78477 0.00054
19.79057 0.00058
19.79508 0.00045
19.80089 0.00058
19.80743 0.00065
19.81341 0.00060
19.81845 0.00050
19.82457 0.00061
19.82936 0.00048
19.83555 0.00062
19.84197 0.00064
19.84788 0.00059
19.85381 0.00059
19.86094 0.00071
19.86749 0.00066
19.87260 0.00051
19.87685 0.00043
19.88202 0.00052
19.88795 0.00059
19.89367 0.00057
19.89986 0.00062
19.90503 0.00052
19.91048 0.00054
19.91717 0.00067
19.92178 0.00046
19.92793 0.00061
19.93425 0.00063
19.94053 0.00063
19.94773 0.00072
19.95302 0.00053
19.95909 0.00061
19.96615 0.00071
19.97168 0.00055
19.97626 0.00046
19.98139 0.00051
19.98519 0.00038
19.99101 0.00058
19.99615 0.00051
20.00270 0.00065
20.00690 0.00042
20.01264 0.00057
20.01849 0.00058
20.02314 0.00046
20.02766 0.00045
20.03315 0.00055
20.03859 0.00054
20.04327 0.00047
20.04860 0.00053
20.05319 0.00046
20.05797 0.00048
20.06424 0.00063
20.06899 0.00048
20.07504 0.00061
20.08094 0.00059
20.08680 0.00059
20.09099 0.00042
20.09677 0.00058
20.10332 0.00066
20.10882 0.00055
20.11490 0.00061
20.12059 0.00057
20.12567 0.00051
20.13364 0.00080
20.14031 0.00067
20.14527 0.00050
20.15029 0.00050
20.15519 0.00049
20.16030 0.00051
20.16611 0.00058
20.17000 0.00039
20.17554 0.00055
20.18127 0.00057
20.18720 0.00059
20.19229 0.00051
20.19919 0.00069
20.20351 0.00043
20.20773 0.00042
20.21287 0.00051
20.21822 0.00053
20.22356 0.00053
20.22913 0.00056
20.23469 0.00056
20.24016 0.00055
20.24474 0.00046
20.25068 0.00059
20.25527 0.00046
20.26248 0.00072
20.26840 0.00059
20.27478 0.00064
20.27914 0.00044
20.28316 0.00040
20.28913 0.00060
20.29451 0.00054
20.29960 0.00051
20.30586 0.00063
20.31296 0.00071
20.31864 0.00057
20.32332 0.00047
20.32839 0.00051
20.33450 0.00061
20.34034 0.00058
20.34591 0.00056
20.35071 0.00048
20.35618 0.00055
20.36249 0.00063
20.36897 0.00065
20.37333 0.00044
20.37909 0.00058
20.38414 0.00050
20.38933 0.00052
20.39504 0.00057
20.40051 0.00055
20.40728 0.00068
20.41252 0.00052
20.41826 0.00057
20.42258 0.00043
20.42687 0.00043
20.43221 0.00053
20.43691 0.00047
20.44208 0.00052
20.44694 0.00049
20.45146 0.00045
20.45685 0.00054
20.46254 0.00057
20.46800 0.00055
20.47236 0.00044
20.47798 0.00056
20.48574 0.00078
20.49207 0.00063
20.49715 0.00051
20.50283 0.00057
20.50840 0.00056
20.51302 0.00046
20.51783 0.00048
20.52258 0.00047
20.52743 0.00049
20.53240 0.00050
20.53792 0.00055
20.54267 0.00047
20.54848 0.00058
20.55430 0.00058
20.55974 0.00054
20.56438 0.00046
20.56897 0.00046
20.57405 0.00051
20.58021 0.00062
20.58555 0.00053
20.59149 0.00059
20.59743 0.00059
20.60472 0.00073
20.60935 0.00046
20.61376 0.00044
20.61843 0.00047
20.62525 0.00068
20.63070 0.00055
20.63649 0.00058
20.64141 0.00049
20.64657 0.00052
20.65194 0.00054
20.65857 0.00066
20.66658 0.00080
20.67313 0.00066
20.67863 0.00055
20.68310 0.00045
20.68905 0.00060
20.69595 0.00069
20.70183 0.00059
20.70777 0.00059
20.71352 0.00058
20.71734 0.00038
20.72247 0.00051
20.72869 0.00062
20.73292 0.00042
20.73858 0.00057
20.74467 0.00061
20.74890 0.00042
20.75467 0.00058
20.76042 0.00057
20.76620 0.00058
20.77085 0.00046
20.77577 0.00049
20.78304 0.00073
20.78849 0.00055
20.79359 0.00051
20.79911 0.00055
20.80438 0.00053
20.80921 0.00048
20.81346 0.00042
20.81891 0.00055
20.82397 0.00051
20.83008 0.00061
20.83427 0.00042
20.84191 0.00076
20.84809 0.00062
20.85299 0.00049
20.85810 0.00051
20.86279 0.00047
20.86724 0.00045
20.87321 0.00060
20.87817 0.00050
20.88288 0.00047
20.88809 0.00052
20.89397 0.00059
20.89965 0.00057
20.90451 0.00049
20.90941 0.00049
20.91476 0.00053
20.91933 0.00046
20.92472 0.00054
20.93061 0.00059
20.93623 0.00056
20.94152 0.00053
20.94611 0.00046
20.95147 0.00054
20.95630 0.00048
20.96421 0.00079
20.96977 0.00056
20.97573 0.00060
20.98163 0.00059
20.98723 0.00056
20.99193 0.00047
20.99824 0.00063
21.00408 0.00058
21.01037 0.00063
21.01629 0.00059
21.02066 0.00044
21.02447 0.00038
21.02899 0.00045
21.03481 0.00058
21.03910 0.00043
21.04359 0.00045
21.04933 0.00057
21.05539 0.00061
21.06156 0.00062
21.06811 0.00066
21.07321 0.00051
21.07854 0.00053
21.08386 0.00053
21.08941 0.00056
21.09529 0.00059
21.10038 0.00051
21.10574 0.00054
21.11080 0.00051
21.11712 0.00063
21.12221 0.00051
21.12813 0.00059
21.13311 0.00050
21.13831 0.00052
21.14376 0.00055
21.14862 0.00049
21.15623 0.00076
21.16231 0.00061
21.16814 0.00058
21.17291 0.00048
21.17769 0.00048
21.18228 0.00046
21.18869 0.00064
21.19572 0.00070
21.20241 0.00067
21.20981 0.00074
21.21421 0.00044
21.21905 0.00048
21.22493 0.00059
21.22924 0.00043
21.23469 0.00054
21.23917 0.00045
21.24393 0.00048
21.25067 0.00067
21.25714 0.00065
21.26340 0.00063
21.26801 0.00046
21.27453 0.00065
21.28052 0.00060
21.28666 0.00061
21.29405 0.00074
21.29938 0.00053
21.30351 0.00041
21.31069 0.00072
21.31612 0.00054
21.32177 0.00056
21.32776 0.00060
21.33499 0.00072
21.34178 0.00068
21.34675 0.00050
21.35236 0.00056
21.36105 0.00087
21.36688 0.00058
21.37366 0.00068
21.37967 0.00060
21.38488 0.00052
21.39185 0.00070
21.39622 0.00044
21.40339 0.00072
21.40827 0.00049
21.41289 0.00046
21.41969 0.00068
21.42501 0.00053
21.42923 0.00042
21.43447 0.00052
21.43874 0.00043
21.44388 0.00051
21.45004 0.00062
21.45529 0.00053
21.45914 0.00038
21.46400 0.00049
21.46948 0.00055
21.47470 0.00052
21.47974 0.00050
21.48761 0.00079
21.49313 0.00055
21.49868 0.00056
21.50346 0.00048
21.50915 0.00057
21.51536 0.00062
21.52166 0.00063
21.52853 0.00069
21.53548 0.00069
21.54078 0.00053
21.54626 0.00055
21.55288 0.00066
21.55727 0.00044
21.56356 0.00063
21.56959 0.00060
21.57459 0.00050
21.57942 0.00048
21.58535 0.00059
21.59054 0.00052
21.59622 0.00057
21.60169 0.00055
21.60812 0.00064
21.61306 0.00049
21.61839 0.00053
21.62255 0.00042
21.62838 0.00058
21.63372 0.00053
21.63877 0.00051
21.64388 0.00051
21.65053 0.00066
21.65692 0.00064
21.66398 0.00071
21.67120 0.00072
21.67601 0.00048
21.68212 0.00061
21.68826 0.00061
21.69350 0.00052
21.70076 0.00073
21.70718 0.00064
21.71445 0.00073
21.72098 0.00065
21.72587 0.00049
21.73298 0.00071
21.73937 0.00064
21.74413 0.00048
21.75018 0.00061
21.75667 0.00065
21.76455 0.00079
21.77061 0.00061
21.77557 0.00050
21.78116 0.00056
21.78621 0.00051
21.79300 0.00068
21.79724 0.00042
21.80185 0.00046
21.80646 0.00046
21.81044 0.00040
21.81680 0.00064
21.82163 0.00048
21.82788 0.00063
21.83505 0.00072
21.84192 0.00069
21.84845 0.00065
21.85378 0.00053
21.85763 0.00038
21.86389 0.00063
21.87127 0.00074
21.87960 0.00083
21.88805 0.00084
21.89724 0.00092
21.90531 0.00081
21.91152 0.00062
21.92061 0.00091
21.92714 0.00065
21.93170 0.00046
21.93833 0.00066
21.94425 0.00059
21.94889 0.00046
21.95458 0.00057
21.96038 0.00058
21.96476 0.00044
21.97117 0.00064
21.97650 0.00053
21.98275 0.00062
21.98815 0.00054
21.99425 0.00061
22.00031 0.00061
22.00669 0.00064
22.01381 0.00071
22.01965 0.00058
22.02642 0.00068
22.02993 0.00035
22.03550 0.00056
22.04038 0.00049
22.04970 0.00093
22.05843 0.00087
22.06457 0.00061
22.07193 0.00074
22.07738 0.00055
22.08300 0.00056
22.09106 0.00081
22.09876 0.00077
22.10465 0.00059
22.11180 0.00071
22.11750 0.00057
22.12427 0.00068
22.12949 0.00052
22.13453 0.00050
22.14002 0.00055
22.14661 0.00066
22.15273 0.00061
22.15865 0.00059
22.16275 0.00041
22.16828 0.00055
22.17311 0.00048
22.17924 0.00061
22.18363 0.00044
22.19046 0.00068
22.19660 0.00061
22.20256 0.00060
22.20954 0.00070
22.21551 0.00060
22.22058 0.00051
22.22743 0.00069
22.23514 0.00077
22.24254 0.00074
22.24810 0.00056
22.25416 0.00061
22.26179 0.00076
22.26828 0.00065
22.27474 0.00065
22.28142 0.00067
22.29016 0.00087
22.29593 0.00058
22.30247 0.00065
22.30879 0.00063
22.31496 0.00062
22.32026 0.00053
22.32681 0.00066
22.33235 0.00055
22.33723 0.00049
22.34352 0.00063
22.34911 0.00056
22.35538 0.00063
22.36184 0.00065
22.36723 0.00054
22.37323 0.00060
22.37938 0.00062
22.38678 0.00074
22.39327 0.00065
22.40040 0.00071
22.40730 0.00069
22.41320 0.00059
22.41908 0.00059
22.42722 0.00081
22.43347 0.00063
22.44163 0.00082
22.45079 0.00092
22.46013 0.00093
22.46737 0.00072
22.47373 0.00064
22.48082 0.00071
22.48653 0.00057
22.49188 0.00054
22.49837 0.00065
22.50432 0.00060
22.50924 0.00049
22.51485 0.00056
22.51968 0.00048
22.52666 0.00070
22.53267 0.00060
22.53712 0.00045
22.54258 0.00055
22.54681 0.00042
22.55020 0.00034
22.55399 0.00038
22.55685 0.00029
22.56065 0.00038
22.56332 0.00027
22.56707 0.00038
22.57088 0.00038
22.57464 0.00038
22.57834 0.00037
22.58337 0.00050
22.58827 0.00049
22.59458 0.00063
22.59878 0.00042
22.60402 0.00052
22.60973 0.00057
22.61573 0.00060
22.62006 0.00043
22.62336 0.00033
22.62737 0.00040
22.63147 0.00041
22.63510 0.00036
22.63912 0.00040
22.64308 0.00040
22.64728 0.00042
22.65224 0.00050
22.65657 0.00043
22.66096 0.00044
22.66530 0.00043
22.66957 0.00043
22.67364 0.00041
22.67804 0.00044
22.68169 0.00037
22.68527 0.00036
22.68929 0.00040
22.69276 0.00035
22.69631 0.00035
22.69997 0.00037
22.70370 0.00037
22.70706 0.00034
22.71027 0.00032
22.71387 0.00036
22.71752 0.00037
22.72104 0.00035
22.72466 0.00036
22.72840 0.00037
22.73128 0.00029
22.73458 0.00033
22.73796 0.00034
22.74172 0.00038
22.74557 0.00039
22.74873 0.00032
22.75239 0.00037
22.75617 0.00038
22.76037 0.00042
22.76545 0.00051
22.77066 0.00052
22.77488 0.00042
22.77969 0.00048
22.78457 0.00049
22.79059 0.00060
22.79512 0.00045
22.79913 0.00040
22.80334 0.00042
22.80685 0.00035
22.81083 0.00040
22.81567 0.00048
22.82027 0.00046
22.82428 0.00040
22.82875 0.00045
22.83348 0.00047
22.83819 0.00047
22.84247 0.00043
22.84656 0.00041
22.85068 0.00041
22.85520 0.00045
22.85921 0.00040
22.86342 0.00042
22.86793 0.00045
22.87182 0.00039
22.87546 0.00036
22.87957 0.00041
22.88251 0.00029
22.88643 0.00039
22.88998 0.00036
22.89374 0.00038
22.89710 0.00034
22.90031 0.00032
22.90311 0.00028
22.90662 0.00035
22.90986 0.00032
22.91314 0.00033
22.91640 0.00033
22.92046 0.00041
22.92504 0.00046
22.92843 0.00034
22.93145 0.00030
22.93490 0.00035
22.93867 0.00038
22.94192 0.00033
22.94376 0.00018
23.60733 0.06636
23.61370 0.00064
23.62187 0.00082
23.62987 0.00080
23.63725 0.00074
23.64346 0.00062
23.65323 0.00098
23.66343 0.00102
23.66959 0.00062
23.67744 0.00079
23.68772 0.00103
23.69279 0.00051
23.70175 0.00090
23.71499 0.00132
23.72227 0.00073
23.72902 0.00067
23.73412 0.00051
23.74329 0.00092
23.75892 0.00156
23.76760 0.00087
23.77171 0.00041
23.77442 0.00027
23.77868 0.00043
23.78312 0.00044
23.78995 0.00068
23.79535 0.00054
23.80105 0.00057
23.80943 0.00084
23.81506 0.00056
23.81796 0.00029
23.82362 0.00057
23.82720 0.00036
23.83098 0.00038
23.83646 0.00055
23.84067 0.00042
23.84481 0.00041
23.84837 0.00036
23.85147 0.00031
23.85500 0.00035
23.85869 0.00037
23.86311 0.00044
23.86716 0.00041
23.87091 0.00037
23.87701 0.00061
23.88016 0.00032
23.88726 0.00071
23.88997 0.00027
23.89447 0.00045
23.90007 0.00056
23.90313 0.00031
23.91254 0.00094
23.91615 0.00036
23.91929 0.00031
23.92312 0.00038
23.92607 0.00030
23.92841 0.00023
23.93177 0.00034
23.93528 0.00035
23.93802 0.00027
23.94093 0.00029
23.94520 0.00043
23.94930 0.00041
23.95523 0.00059
23.95913 0.00039
23.96169 0.00026
23.96619 0.00045
23.96823 0.00020
23.97204 0.00038
23.97499 0.00029
23.97955 0.00046
23.98239 0.00028
23.98537 0.00030
23.98867 0.00033
23.99097 0.00023
23.99373 0.00028
23.99644 0.00027
23.99973 0.00033
24.00285 0.00031
24.00735 0.00045
24.01029 0.00029
24.01302 0.00027
24.01565 0.00026
24.01819 0.00025
24.02125 0.00031
24.02380 0.00025
24.02828 0.00045
24.03100 0.00027
24.03337 0.00024
24.03661 0.00032
24.03896 0.00023
24.04293 0.00040
24.04537 0.00024
24.04895 0.00036
24.05179 0.00028
24.05502 0.00032
24.05797 0.00030
24.06114 0.00032
24.06644 0.00053
24.06873 0.00023
24.07103 0.00023
24.07541 0.00044
24.07734 0.00019
24.08159 0.00042
24.08485 0.00033
24.08689 0.00020
24.08983 0.00029
24.09234 0.00025
24.09648 0.00041
24.09855 0.00021
24.10232 0.00038
24.10547 0.00031
24.10825 0.00028
24.11041 0.00022
24.11311 0.00027
24.11644 0.00033
24.12070 0.00043
24.12447 0.00038
24.12701 0.00025
24.13048 0.00035
24.13221 0.00017
24.13509 0.00029
24.13777 0.00027
24.14080 0.00030
24.14684 0.00060
24.15027 0.00034
24.15304 0.00028
24.15689 0.00039
24.15933 0.00024
24.16163 0.00023
24.16394 0.00023
24.16684 0.00029
24.16952 0.00027
24.17289 0.00034
24.17505 0.00022
24.17694 0.00019
24.17932 0.00024
24.18102 0.00017
24.18274 0.00017
24.18433 0.00016
24.18598 0.00017
24.18780 0.00018
24.18985 0.00021
24.19274 0.00029
24.19419 0.00014
24.19589 0.00017
24.19784 0.00019
24.19982 0.00020
24.20186 0.00020
24.20303 0.00012
24.20551 0.00025
24.20717 0.00017
24.20897 0.00018
24.21091 0.00019
24.21249 0.00016
24.21444 0.00019
24.21638 0.00019
24.21761 0.00012
24.21915 0.00015
24.22135 0.00022
24.22269 0.00013
24.22390 0.00012
24.22549 0.00016
24.22734 0.00018
24.22925 0.00019
24.23109 0.00018
24.23300 0.00019
24.23494 0.00019
24.23664 0.00017
24.23855 0.00019
24.24018 0.00016
24.24135 0.00012
24.24318 0.00018
24.24499 0.00018
24.24681 0.00018
24.24864 0.00018
24.25020 0.00016
24.25179 0.00016
24.25382 0.00020
24.25519 0.00014
24.25674 0.00015
24.25878 0.00020
24.26087 0.00021
24.26340 0.00025
24.26557 0.00022
24.26752 0.00019
24.26871 0.00012
24.27104 0.00023
24.27274 0.00017
24.27431 0.00016
24.27588 0.00016
24.27768 0.00018
24.27986 0.00022
24.28255 0.00027
24.28473 0.00022
24.28810 0.00034
24.29103 0.00029
24.29320 0.00022
24.29686 0.00037
24.29925 0.00024
24.30169 0.00024
24.30385 0.00022
24.30595 0.00021
24.30849 0.00025
24.31125 0.00028
24.31505 0.00038
24.31717 0.00021
24.31947 0.00023
25.34817 0.10287
25.34959 0.00014
25.35280 0.00032
25.35555 0.00027
25.35821 0.00027
25.36108 0.00029
25.36364 0.00026
25.36633 0.00027
25.36917 0.00028
25.37183 0.00027
25.37457 0.00027
25.37738 0.00028
25.38034 0.00030
25.38288 0.00025
25.38549 0.00026
25.38811 0.00026
25.39097 0.00029
25.39345 0.00025
25.51333 0.01199
25.64435 0.01310
25.65479 0.00104
25.65637 0.00016
25.66040 0.00040
25.66394 0.00035
25.67414 0.00102
25.68186 0.00077
25.68765 0.00058
25.69118 0.00035
25.69516 0.00040
25.70074 0.00056
25.70605 0.00053
25.71455 0.00085
25.72526 0.00107
25.73266 0.00074
25.73668 0.00040
25.74193 0.00052
25.74654 0.00046
25.75207 0.00055
25.75680 0.00047
25.76382 0.00070
25.76894 0.00051
25.77531 0.00064
25.78551 0.00102
25.79034 0.00048
25.79634 0.00060
25.80395 0.00076
25.81658 0.00126
25.82576 0.00092
25.83133 0.00056
25.83887 0.00075
25.84819 0.00093
25.85716 0.00090
25.86119 0.00040
25.86548 0.00043
25.86959 0.00041
25.87655 0.00070
25.88127 0.00047
25.88823 0.00070
25.89291 0.00047
25.89671 0.00038
25.90126 0.00046
25.90867 0.00074
25.91305 0.00044
25.91681 0.00038
25.92332 0.00065
25.92824 0.00049
38.50669 1.25784
58.12606 1.96194
60.09013 0.19641
60.13996 0.00498
63.96245 0.38225
64.33087 0.03684
74.62119 1.02903
