3.64995 0.36393
3.65337 0.00034
3.65848 0.00051
3.66287 0.00044
3.66714 0.00043
3.67054 0.00034
3.67469 0.00042
3.67826 0.00036
3.68176 0.00035
3.68562 0.00039
3.68971 0.00041
3.69343 0.00037
3.69703 0.00036
3.70006 0.00030
3.70393 0.00039
3.70732 0.00034
3.71109 0.00038
3.71349 0.00024
3.71608 0.00026
3.72017 0.00041
3.72377 0.00036
3.72744 0.00037
3.73084 0.00034
3.73460 0.00038
3.73737 0.00028
3.73982 0.00025
3.74344 0.00036
3.74646 0.00030
3.74974 0.00033
3.75277 0.00030
3.75598 0.00032
3.75845 0.00025
3.76213 0.00037
3.76485 0.00027
3.76791 0.00031
3.77058 0.00027
3.77408 0.00035
3.77770 0.00036
3.78064 0.00029
3.78424 0.00036
3.78789 0.00037
3.79078 0.00029
3.79420 0.00034
3.79747 0.00033
3.80073 0.00033
3.80361 0.00029
3.80726 0.00036
3.81119 0.00039
3.81520 0.00040
3.81906 0.00039
3.82244 0.00034
3.82719 0.00047
3.83094 0.00038
3.83360 0.00027
3.83692 0.00033
3.84088 0.00040
3.84402 0.00031
3.84764 0.00036
3.85074 0.00031
3.85443 0.00037
3.85735 0.00029
3.86049 0.00031
3.86421 0.00037
3.86794 0.00037
3.87097 0.00030
3.87488 0.00039
3.87842 0.00035
3.88227 0.00038
3.88598 0.00037
3.88958 0.00036
3.89238 0.00028
3.89583 0.00034
3.89968 0.00039
3.90298 0.00033
3.90700 0.00040
3.91100 0.00040
3.91439 0.00034
3.91830 0.00039
3.92243 0.00041
3.92579 0.00034
3.92882 0.00030
3.93254 0.00037
3.93656 0.00040
3.94061 0.00040
3.94490 0.00043
3.94840 0.00035
3.95234 0.00039
3.95642 0.00041
3.95952 0.00031
3.96377 0.00043
3.96741 0.00036
3.97044 0.00030
3.97426 0.00038
3.97743 0.00032
3.98025 0.00028
3.98329 0.00030
3.98651 0.00032
3.98963 0.00031
3.99307 0.00034
3.99681 0.00037
4.00023 0.00034
4.00471 0.00045
4.00752 0.00028
4.01080 0.00033
4.01415 0.00034
4.01720 0.00030
4.02069 0.00035
4.02420 0.00035
4.02738 0.00032
4.03115 0.00038
4.03500 0.00039
4.03766 0.00027
4.04121 0.00036
4.04508 0.00039
4.04870 0.00036
4.05295 0.00042
4.05694 0.00040
4.06032 0.00034
4.06368 0.00034
4.06758 0.00039
4.07024 0.00027
4.07336 0.00031
4.07759 0.00042
4.08101 0.00034
4.08461 0.00036
4.08798 0.00034
4.09189 0.00039
4.09514 0.00032
4.09865 0.00035
4.10255 0.00039
4.10569 0.00031
4.10942 0.00037
4.11345 0.00040
4.11743 0.00040
4.12166 0.00042
4.12506 0.00034
4.12954 0.00045
4.13404 0.00045
4.13850 0.00045
4.14297 0.00045
4.14688 0.00039
4.15051 0.00036
4.15426 0.00037
4.15827 0.00040
4.16179 0.00035
4.16578 0.00040
4.16903 0.00032
4.17134 0.00023
4.17524 0.00039
4.17814 0.00029
4.18102 0.00029
4.18451 0.00035
4.18780 0.00033
4.19094 0.00031
4.19423 0.00033
4.19777 0.00035
4.20124 0.00035
4.20404 0.00028
4.20827 0.00042
4.21265 0.00044
4.21585 0.00032
4.21965 0.00038
4.22370 0.00040
4.22840 0.00047
4.23167 0.00033
4.23434 0.00027
4.23806 0.00037
4.24171 0.00037
4.24494 0.00032
4.24862 0.00037
4.25225 0.00036
4.25586 0.00036
4.26039 0.00045
4.26420 0.00038
4.26710 0.00029
4.27197 0.00049
4.27611 0.00041
4.28008 0.00040
4.28458 0.00045
4.28933 0.00048
4.29330 0.00040
4.29722 0.00039
4.30154 0.00043
4.30506 0.00035
4.30855 0.00035
4.31218 0.00036
4.31595 0.00038
4.31871 0.00028
4.32235 0.00036
4.32667 0.00043
4.32936 0.00027
4.33387 0.00045
4.33729 0.00034
4.34088 0.00036
4.34392 0.00030
4.34744 0.00035
4.35086 0.00034
4.35400 0.00031
4.35750 0.00035
4.36124 0.00037
4.36511 0.00039
4.36863 0.00035
4.37169 0.00031
4.37594 0.00043
4.37909 0.00031
4.38290 0.00038
4.38645 0.00036
4.38941 0.00030
4.39346 0.00041
4.39650 0.00030
4.39965 0.00031
4.40246 0.00028
4.40582 0.00034
4.40947 0.00036
4.41322 0.00037
4.41707 0.00039
4.42059 0.00035
4.42432 0.00037
4.42837 0.00040
4.43197 0.00036
4.43558 0.00036
4.43876 0.00032
4.44326 0.00045
4.44722 0.00040
4.45041 0.00032
4.45427 0.00039
4.45820 0.00039
4.46141 0.00032
4.46504 0.00036
4.46868 0.00036
4.47180 0.00031
4.47499 0.00032
4.47842 0.00034
4.48210 0.00037
4.48599 0.00039
4.48977 0.00038
4.49339 0.00036
4.49711 0.00037
4.50089 0.00038
4.50305 0.00022
4.50644 0.00034
4.51036 0.00039
4.51309 0.00027
4.51666 0.00036
4.52052 0.00039
4.52332 0.00028
4.52655 0.00032
4.52974 0.00032
4.53345 0.00037
4.53628 0.00028
4.53975 0.00035
4.54328 0.00035
4.54740 0.00041
4.54995 0.00025
4.55374 0.00038
4.55770 0.00040
4.56086 0.00032
4.56504 0.00042
4.56877 0.00037
4.57349 0.00047
4.57774 0.00043
4.58220 0.00045
4.58633 0.00041
4.58987 0.00035
4.59385 0.00040
4.59676 0.00029
4.60135 0.00046
4.60488 0.00035
4.60804 0.00032
4.61228 0.00042
4.61540 0.00031
4.61903 0.00036
4.62291 0.00039
4.62580 0.00029
4.62911 0.00033
4.63250 0.00034
4.63623 0.00037
4.63951 0.00033
4.64363 0.00041
4.64644 0.00028
4.65148 0.00050
4.65576 0.00043
4.66070 0.00049
4.66532 0.00046
4.66995 0.00046
4.67430 0.00043
4.67852 0.00042
4.68252 0.00040
4.68759 0.00051
4.69241 0.00048
4.69708 0.00047
4.70031 0.00032
4.70528 0.00050
4.70904 0.00038
4.71312 0.00041
4.71699 0.00039
4.72103 0.00040
4.72571 0.00047
4.72974 0.00040
4.73396 0.00042
4.73816 0.00042
4.74219 0.00040
4.74700 0.00048
4.75127 0.00043
4.75564 0.00044
4.75990 0.00043
4.76329 0.00034
4.76838 0.00051
4.77222 0.00038
4.77733 0.00051
4.78182 0.00045
4.78595 0.00041
4.79077 0.00048
4.79380 0.00030
4.79707 0.00033
4.80116 0.00041
4.80492 0.00038
4.80979 0.00049
4.81390 0.00041
4.81877 0.00049
4.82287 0.00041
4.82718 0.00043
4.83067 0.00035
4.83439 0.00037
4.83914 0.00047
4.84335 0.00042
4.84857 0.00052
4.85303 0.00045
4.85727 0.00042
4.86129 0.00040
4.86528 0.00040
4.86975 0.00045
4.87450 0.00047
4.87846 0.00040
4.88247 0.00040
4.88733 0.00049
4.89168 0.00044
4.89641 0.00047
4.90007 0.00037
4.90451 0.00044
4.90854 0.00040
4.91343 0.00049
4.91750 0.00041
4.92310 0.00056
4.92680 0.00037
4.93310 0.00063
4.93761 0.00045
4.94426 0.00066
4.94813 0.00039
4.95336 0.00052
4.95809 0.00047
4.96327 0.00052
4.96766 0.00044
4.97248 0.00048
4.97705 0.00046
4.98203 0.00050
4.98607 0.00040
4.99077 0.00047
4.99511 0.00043
4.99939 0.00043
5.00394 0.00045
5.00782 0.00039
5.01257 0.00048
5.01693 0.00044
5.02178 0.00049
5.02635 0.00046
5.03049 0.00041
5.03317 0.00027
5.03884 0.00057
5.04360 0.00048
5.04796 0.00044
5.05446 0.00065
5.05821 0.00037
5.06348 0.00053
5.06720 0.00037
5.07191 0.00047
5.07614 0.00042
5.08085 0.00047
5.08476 0.00039
5.08899 0.00042
5.09202 0.00030
5.09618 0.00042
5.10024 0.00041
5.10414 0.00039
5.10937 0.00052
5.11346 0.00041
5.11767 0.00042
5.12204 0.00044
5.12629 0.00042
5.13041 0.00041
5.13322 0.00028
5.13866 0.00054
5.14278 0.00041
5.14748 0.00047
5.15189 0.00044
5.15692 0.00050
5.16080 0.00039
5.16528 0.00045
5.16916 0.00039
5.17378 0.00046
5.17742 0.00036
5.18164 0.00042
5.18639 0.00048
5.19012 0.00037
5.19474 0.00046
5.19830 0.00036
5.20281 0.00045
5.20684 0.00040
5.21252 0.00057
5.21675 0.00042
5.22032 0.00036
5.22379 0.00035
5.22753 0.00037
5.23288 0.00053
5.23725 0.00044
5.24317 0.00059
5.24691 0.00037
5.25231 0.00054
5.25665 0.00043
5.26183 0.00052
5.26472 0.00029
5.26981 0.00051
5.27378 0.00040
5.27867 0.00049
5.28411 0.00054
5.28950 0.00054
5.29455 0.00051
5.29944 0.00049
5.30423 0.00048
5.30832 0.00041
5.31161 0.00033
5.31585 0.00042
5.32031 0.00045
5.32488 0.00046
5.32856 0.00037
5.33282 0.00043
5.33648 0.00037
5.34141 0.00049
5.34532 0.00039
5.34970 0.00044
5.35264 0.00029
5.35656 0.00039
5.36114 0.00046
5.36526 0.00041
5.36903 0.00038
5.37459 0.00056
5.37870 0.00041
5.38343 0.00047
5.38700 0.00036
5.39045 0.00034
5.39548 0.00050
5.39946 0.00040
5.40368 0.00042
5.40778 0.00041
5.41303 0.00052
5.41762 0.00046
5.42161 0.00040
5.42500 0.00034
5.42925 0.00043
5.43429 0.00050
5.43854 0.00043
5.44378 0.00052
5.44734 0.00036
5.45300 0.00057
5.45642 0.00034
5.46197 0.00056
5.46611 0.00041
5.47120 0.00051
5.47596 0.00048
5.48028 0.00043
5.48550 0.00052
5.49052 0.00050
5.49575 0.00052
5.50094 0.00052
5.50470 0.00038
5.50845 0.00038
5.51295 0.00045
5.51778 0.00048
5.52165 0.00039
5.52699 0.00053
5.53236 0.00054
5.53865 0.00063
5.54313 0.00045
5.54794 0.00048
5.55353 0.00056
5.55831 0.00048
5.56395 0.00056
5.56926 0.00053
5.57473 0.00055
5.58049 0.00058
5.58589 0.00054
5.59011 0.00042
5.59571 0.00056
5.60082 0.00051
5.60542 0.00046
5.61008 0.00047
5.61449 0.00044
5.61837 0.00039
5.62318 0.00048
5.62816 0.00050
5.63267 0.00045
5.63841 0.00057
5.64323 0.00048
5.64891 0.00057
5.65305 0.00041
5.65775 0.00047
5.66387 0.00061
5.66829 0.00044
5.67278 0.00045
5.67799 0.00052
5.68294 0.00050
5.68767 0.00047
5.69216 0.00045
5.69688 0.00047
5.70097 0.00041
5.70704 0.00061
5.71046 0.00034
5.71636 0.00059
5.72001 0.00036
5.72401 0.00040
5.72823 0.00042
5.73255 0.00043
5.73770 0.00052
5.74290 0.00052
5.74739 0.00045
5.75176 0.00044
5.75613 0.00044
5.75997 0.00038
5.76506 0.00051
5.76813 0.00031
5.77133 0.00032
5.77609 0.00048
5.77951 0.00034
5.78344 0.00039
5.78774 0.00043
5.79054 0.00028
5.79438 0.00038
5.79778 0.00034
5.80140 0.00036
5.80564 0.00042
5.80926 0.00036
5.81330 0.00040
5.81716 0.00039
5.82241 0.00052
5.82652 0.00041
5.83077 0.00043
5.83441 0.00036
5.83852 0.00041
5.84262 0.00041
5.84627 0.00037
5.84967 0.00034
5.85462 0.00050
5.85877 0.00041
5.86274 0.00040
5.86618 0.00034
5.87057 0.00044
5.87514 0.00046
5.87896 0.00038
5.88345 0.00045
5.88696 0.00035
5.89111 0.00041
5.89472 0.00036
5.89849 0.00038
5.90274 0.00043
5.90635 0.00036
5.91186 0.00055
5.91496 0.00031
5.92016 0.00052
5.92366 0.00035
5.92815 0.00045
5.93191 0.00038
5.93559 0.00037
5.94013 0.00045
5.94411 0.00040
5.94712 0.00030
5.95077 0.00036
5.95414 0.00034
5.95723 0.00031
5.96185 0.00046
5.96456 0.00027
5.96869 0.00041
5.97217 0.00035
5.97478 0.00026
5.97828 0.00035
5.98229 0.00040
5.98612 0.00038
5.98989 0.00038
5.99316 0.00033
5.99702 0.00039
6.00163 0.00046
6.00639 0.00048
6.01101 0.00046
6.01538 0.00044
6.02042 0.00050
6.02505 0.00046
6.02880 0.00038
6.03422 0.00054
6.03907 0.00048
6.04440 0.00053
6.05071 0.00063
6.05516 0.00045
6.06074 0.00056
6.06658 0.00058
6.07042 0.00038
6.07577 0.00053
6.07934 0.00036
6.08308 0.00037
6.08715 0.00041
6.09091 0.00038
6.09563 0.00047
6.09886 0.00032
6.10243 0.00036
6.10656 0.00041
6.10981 0.00032
6.11503 0.00052
6.11827 0.00032
6.12267 0.00044
6.12690 0.00042
6.13111 0.00042
6.13525 0.00041
6.13891 0.00037
6.14338 0.00045
6.14714 0.00038
6.15127 0.00041
6.15523 0.00040
6.15949 0.00043
6.16433 0.00048
6.16876 0.00044
6.17291 0.00041
6.17706 0.00042
6.18263 0.00056
6.18674 0.00041
6.19181 0.00051
6.19637 0.00046
6.20108 0.00047
6.20588 0.00048
6.21077 0.00049
6.21514 0.00044
6.22046 0.00053
6.22421 0.00038
6.22907 0.00049
6.23453 0.00055
6.23877 0.00042
6.24422 0.00054
6.24831 0.00041
6.25211 0.00038
6.25589 0.00038
6.26105 0.00052
6.26507 0.00040
6.26940 0.00043
6.27459 0.00052
6.27967 0.00051
6.28445 0.00048
6.28946 0.00050
6.29396 0.00045
6.29857 0.00046
6.30387 0.00053
6.30875 0.00049
6.31336 0.00046
6.31869 0.00053
6.32238 0.00037
6.32732 0.00049
6.33120 0.00039
6.33668 0.00055
6.34016 0.00035
6.34420 0.00040
6.34894 0.00047
6.35298 0.00040
6.35818 0.00052
6.36182 0.00036
6.36604 0.00042
6.37038 0.00043
6.37418 0.00038
6.37796 0.00038
6.38253 0.00046
6.38665 0.00041
6.39137 0.00047
6.39511 0.00037
6.39985 0.00047
6.40480 0.00049
6.40954 0.00047
6.41343 0.00039
6.41766 0.00042
6.42265 0.00050
6.42727 0.00046
6.43255 0.00053
6.43696 0.00044
6.44226 0.00053
6.44662 0.00044
6.45113 0.00045
6.45548 0.00043
6.45970 0.00042
6.46477 0.00051
6.46805 0.00033
6.47207 0.00040
6.47619 0.00041
6.47933 0.00031
6.48239 0.00031
6.48490 0.00025
6.48939 0.00045
6.49361 0.00042
6.49793 0.00043
6.50138 0.00034
6.50514 0.00038
6.50948 0.00043
6.51328 0.00038
6.51723 0.00040
6.52110 0.00039
6.52452 0.00034
6.52923 0.00047
6.53382 0.00046
6.53874 0.00049
6.54327 0.00045
6.54791 0.00046
6.55323 0.00053
6.55761 0.00044
6.56276 0.00052
6.56726 0.00045
6.57115 0.00039
6.57579 0.00046
6.57965 0.00039
6.58436 0.00047
6.58920 0.00048
6.59368 0.00045
6.59744 0.00038
6.60133 0.00039
6.60406 0.00027
6.60701 0.00029
6.61076 0.00038
6.61451 0.00038
6.61721 0.00027
6.62124 0.00040
6.62505 0.00038
6.62883 0.00038
6.63269 0.00039
6.63613 0.00034
6.64015 0.00040
6.64371 0.00036
6.64707 0.00034
6.65099 0.00039
6.65515 0.00042
6.66018 0.00050
6.66453 0.00044
6.67026 0.00057
6.67581 0.00056
6.68099 0.00052
6.68646 0.00055
6.69072 0.00043
6.69615 0.00054
6.69967 0.00035
6.70486 0.00052
6.70898 0.00041
6.71370 0.00047
6.71809 0.00044
6.72293 0.00048
6.72711 0.00042
6.73225 0.00051
6.73735 0.00051
6.74264 0.00053
6.74774 0.00051
6.75235 0.00046
6.75779 0.00054
6.76181 0.00040
6.76709 0.00053
6.77073 0.00036
6.77627 0.00055
6.77989 0.00036
6.78460 0.00047
6.78830 0.00037
6.79171 0.00034
6.79605 0.00043
6.79925 0.00032
6.80345 0.00042
6.80756 0.00041
6.81105 0.00035
6.81557 0.00045
6.81826 0.00027
6.82322 0.00050
6.82709 0.00039
6.83147 0.00044
6.83614 0.00047
6.84110 0.00050
6.84563 0.00045
6.85082 0.00052
6.85458 0.00038
6.85954 0.00050
6.86361 0.00041
6.86766 0.00040
6.87129 0.00036
6.87603 0.00047
6.87981 0.00038
6.88306 0.00033
6.88718 0.00041
6.89055 0.00034
6.89442 0.00039
6.89831 0.00039
6.90240 0.00041
6.90632 0.00039
6.91067 0.00043
6.91514 0.00045
6.91877 0.00036
6.92347 0.00047
6.92737 0.00039
6.93152 0.00041
6.93561 0.00041
6.93952 0.00039
6.94365 0.00041
6.94765 0.00040
6.95153 0.00039
6.95515 0.00036
6.95859 0.00034
6.96362 0.00050
6.96751 0.00039
6.97236 0.00049
6.97636 0.00040
6.98141 0.00051
6.98481 0.00034
6.98910 0.00043
6.99405 0.00050
6.99914 0.00051
7.00432 0.00052
7.00823 0.00039
7.01327 0.00050
7.01910 0.00058
7.02491 0.00058
7.03023 0.00053
7.03629 0.00061
7.04026 0.00040
7.04551 0.00053
7.04960 0.00041
7.05441 0.00048
7.05810 0.00037
7.06210 0.00040
7.06738 0.00053
7.07130 0.00039
7.07758 0.00063
7.08169 0.00041
7.08652 0.00048
7.09052 0.00040
7.09537 0.00048
7.09890 0.00035
7.10373 0.00048
7.10784 0.00041
7.11235 0.00045
7.11757 0.00052
7.12192 0.00043
7.12566 0.00037
7.12942 0.00038
7.13373 0.00043
7.13757 0.00038
7.14230 0.00047
7.14724 0.00049
7.15221 0.00050
7.15799 0.00058
7.16204 0.00040
7.16698 0.00049
7.17131 0.00043
7.17591 0.00046
7.18032 0.00044
7.18413 0.00038
7.18953 0.00054
7.19270 0.00032
7.19868 0.00060
7.20275 0.00041
7.20828 0.00055
7.21291 0.00046
7.21941 0.00065
7.22415 0.00047
7.22946 0.00053
7.23307 0.00036
7.23753 0.00045
7.24193 0.00044
7.24554 0.00036
7.25091 0.00054
7.25407 0.00032
7.25863 0.00046
7.26226 0.00036
7.26818 0.00059
7.27168 0.00035
7.27622 0.00045
7.28041 0.00042
7.28440 0.00040
7.28943 0.00050
7.29189 0.00025
7.29591 0.00040
7.29962 0.00037
7.30218 0.00026
7.30555 0.00034
7.30911 0.00036
7.31302 0.00039
7.31668 0.00037
7.31945 0.00028
7.32392 0.00045
7.32721 0.00033
7.33146 0.00042
7.33529 0.00038
7.34013 0.00048
7.34398 0.00038
7.34846 0.00045
7.35374 0.00053
7.35727 0.00035
7.36242 0.00051
7.36642 0.00040
7.37076 0.00043
7.37419 0.00034
7.37843 0.00042
7.38362 0.00052
7.38809 0.00045
7.39193 0.00038
7.39690 0.00050
7.40096 0.00041
7.40517 0.00042
7.40964 0.00045
7.41305 0.00034
7.41738 0.00043
7.42148 0.00041
7.42522 0.00037
7.42951 0.00043
7.43346 0.00040
7.43727 0.00038
7.44175 0.00045
7.44669 0.00049
7.45072 0.00040
7.45449 0.00038
7.45833 0.00038
7.46261 0.00043
7.46591 0.00033
7.46941 0.00035
7.47368 0.00043
7.47848 0.00048
7.48306 0.00046
7.48765 0.00046
7.49188 0.00042
7.49711 0.00052
7.50161 0.00045
7.50705 0.00054
7.51143 0.00044
7.51672 0.00053
7.52123 0.00045
7.52645 0.00052
7.53118 0.00047
7.53592 0.00047
7.54047 0.00046
7.54555 0.00051
7.55014 0.00046
7.55502 0.00049
7.55841 0.00034
7.56260 0.00042
7.56667 0.00041
7.57158 0.00049
7.57559 0.00040
7.57968 0.00041
7.58417 0.00045
7.58819 0.00040
7.59255 0.00044
7.59711 0.00046
7.60160 0.00045
7.60596 0.00044
7.61092 0.00050
7.61473 0.00038
7.61962 0.00049
7.62443 0.00048
7.62872 0.00043
7.63319 0.00045
7.63851 0.00053
7.64297 0.00045
7.64809 0.00051
7.65269 0.00046
7.65772 0.00050
7.66259 0.00049
7.66754 0.00050
7.67263 0.00051
7.67691 0.00043
7.68128 0.00044
7.68527 0.00040
7.69069 0.00054
7.69359 0.00029
7.69745 0.00039
7.70208 0.00046
7.70716 0.00051
7.71045 0.00033
7.71360 0.00031
7.71975 0.00062
7.72289 0.00031
7.72775 0.00049
7.73150 0.00037
7.73557 0.00041
7.73929 0.00037
7.74228 0.00030
7.74633 0.00040
7.74932 0.00030
7.75256 0.00032
7.75607 0.00035
7.75925 0.00032
7.76262 0.00034
7.76602 0.00034
7.76908 0.00031
7.77233 0.00033
7.77545 0.00031
7.77864 0.00032
7.78285 0.00042
7.78639 0.00035
7.78957 0.00032
7.79405 0.00045
7.79735 0.00033
7.80041 0.00031
7.80480 0.00044
7.80789 0.00031
7.81352 0.00056
7.81864 0.00051
7.82509 0.00065
7.82968 0.00046
7.83562 0.00059
7.84094 0.00053
7.84675 0.00058
7.85148 0.00047
7.85620 0.00047
7.86226 0.00061
7.86700 0.00047
7.87135 0.00043
7.87644 0.00051
7.88165 0.00052
7.88641 0.00048
7.89172 0.00053
7.89659 0.00049
7.90175 0.00052
7.90507 0.00033
7.91021 0.00051
7.91425 0.00040
7.91834 0.00041
7.92244 0.00041
7.92622 0.00038
7.93077 0.00045
7.93482 0.00041
7.93961 0.00048
7.94296 0.00034
7.94783 0.00049
7.95268 0.00048
7.95882 0.00061
7.96321 0.00044
7.96768 0.00045
7.97122 0.00035
7.97651 0.00053
7.97996 0.00035
7.98552 0.00056
7.99069 0.00052
7.99516 0.00045
8.00048 0.00053
8.00512 0.00046
8.01046 0.00053
8.01451 0.00040
8.01775 0.00032
8.02249 0.00047
8.02671 0.00042
8.03218 0.00055
8.03670 0.00045
8.04161 0.00049
8.04579 0.00042
8.05105 0.00053
8.05568 0.00046
8.06074 0.00051
8.06475 0.00040
8.06870 0.00039
8.07368 0.00050
8.07730 0.00036
8.08185 0.00045
8.08699 0.00051
8.09222 0.00052
8.09668 0.00045
8.10251 0.00058
8.10748 0.00050
8.11340 0.00059
8.11763 0.00042
8.12251 0.00049
8.12692 0.00044
8.13220 0.00053
8.13731 0.00051
8.14198 0.00047
8.14623 0.00042
8.15170 0.00055
8.15472 0.00030
8.16005 0.00053
8.16382 0.00038
8.16821 0.00044
8.17222 0.00040
8.17624 0.00040
8.18115 0.00049
8.18562 0.00045
8.18963 0.00040
8.19252 0.00029
8.19671 0.00042
8.20083 0.00041
8.20451 0.00037
8.20926 0.00047
8.21301 0.00038
8.21667 0.00037
8.22161 0.00049
8.22596 0.00043
8.23016 0.00042
8.23361 0.00035
8.23795 0.00043
8.24100 0.00030
8.24535 0.00044
8.24982 0.00045
8.25299 0.00032
8.25878 0.00058
8.26294 0.00042
8.26793 0.00050
8.27199 0.00041
8.27614 0.00041
8.28000 0.00039
8.28340 0.00034
8.28759 0.00042
8.29157 0.00040
8.29574 0.00042
8.29999 0.00043
8.30252 0.00025
8.30651 0.00040
8.30970 0.00032
8.31331 0.00036
8.31877 0.00055
8.32155 0.00028
8.32616 0.00046
8.32957 0.00034
8.33458 0.00050
8.33883 0.00043
8.34299 0.00042
8.34742 0.00044
8.35167 0.00042
8.35524 0.00036
8.35894 0.00037
8.36372 0.00048
8.36691 0.00032
8.37047 0.00036
8.37431 0.00038
8.37784 0.00035
8.38231 0.00045
8.38667 0.00044
8.39129 0.00046
8.39591 0.00046
8.40097 0.00051
8.40530 0.00043
8.41016 0.00049
8.41492 0.00048
8.41887 0.00039
8.42337 0.00045
8.42686 0.00035
8.43165 0.00048
8.43534 0.00037
8.43998 0.00046
8.44425 0.00043
8.44901 0.00048
8.45367 0.00047
8.45851 0.00048
8.46289 0.00044
8.46699 0.00041
8.47126 0.00043
8.47475 0.00035
8.47826 0.00035
8.48236 0.00041
8.48649 0.00041
8.49050 0.00040
8.49424 0.00037
8.49790 0.00037
8.50175 0.00039
8.50491 0.00032
8.50975 0.00048
8.51324 0.00035
8.51591 0.00027
8.52041 0.00045
8.52593 0.00055
8.53008 0.00041
8.53591 0.00058
8.53980 0.00039
8.54463 0.00048
8.54887 0.00042
8.55274 0.00039
8.55781 0.00051
8.56133 0.00035
8.56647 0.00051
8.57140 0.00049
8.57635 0.00050
8.58096 0.00046
8.58512 0.00042
8.58982 0.00047
8.59392 0.00041
8.59802 0.00041
8.60252 0.00045
8.60674 0.00042
8.61135 0.00046
8.61657 0.00052
8.62108 0.00045
8.62646 0.00054
8.63084 0.00044
8.63602 0.00052
8.64018 0.00042
8.64465 0.00045
8.64923 0.00046
8.65372 0.00045
8.65809 0.00044
8.66215 0.00041
8.66641 0.00043
8.67154 0.00051
8.67562 0.00041
8.68123 0.00056
8.68584 0.00046
8.69220 0.00064
8.69477 0.00026
8.70162 0.00068
8.70688 0.00053
8.71316 0.00063
8.71892 0.00058
8.72451 0.00056
8.72795 0.00034
8.73251 0.00046
8.73766 0.00052
8.74242 0.00048
8.74601 0.00036
8.75088 0.00049
8.75482 0.00039
8.75928 0.00045
8.76364 0.00044
8.76816 0.00045
8.77201 0.00038
8.77709 0.00051
8.78158 0.00045
8.78568 0.00041
8.79009 0.00044
8.79452 0.00044
8.79915 0.00046
8.80373 0.00046
8.80762 0.00039
8.81341 0.00058
8.81897 0.00056
8.82385 0.00049
8.82865 0.00048
8.83325 0.00046
8.83782 0.00046
8.84143 0.00036
8.84638 0.00050
8.85131 0.00049
8.85590 0.00046
8.86088 0.00050
8.86587 0.00050
8.87181 0.00059
8.87698 0.00052
8.88180 0.00048
8.88674 0.00049
8.89152 0.00048
8.89588 0.00044
8.89984 0.00040
8.90373 0.00039
8.90817 0.00044
8.91190 0.00037
8.91651 0.00046
8.92032 0.00038
8.92573 0.00054
8.92977 0.00040
8.93480 0.00050
8.94039 0.00056
8.94525 0.00049
8.94964 0.00044
8.95491 0.00053
8.95932 0.00044
8.96463 0.00053
8.96973 0.00051
8.97379 0.00041
8.97835 0.00046
8.98205 0.00037
8.98598 0.00039
8.99176 0.00058
8.99747 0.00057
9.00325 0.00058
9.00857 0.00053
9.01434 0.00058
9.01864 0.00043
9.02264 0.00040
9.02660 0.00040
9.03163 0.00050
9.03628 0.00046
9.04186 0.00056
9.04619 0.00043
9.05123 0.00050
9.05530 0.00041
9.06058 0.00053
9.06541 0.00048
9.07110 0.00057
9.07692 0.00058
9.08170 0.00048
9.08597 0.00043
9.09153 0.00056
9.09561 0.00041
9.10083 0.00052
9.10469 0.00039
9.10890 0.00042
9.11324 0.00043
9.11740 0.00042
9.12078 0.00034
9.12453 0.00038
9.12972 0.00052
9.13495 0.00052
9.14026 0.00053
9.14441 0.00041
9.14971 0.00053
9.15396 0.00043
9.15881 0.00048
9.16296 0.00042
9.16822 0.00053
9.17307 0.00048
9.17803 0.00050
9.18349 0.00055
9.18821 0.00047
9.19343 0.00052
9.19791 0.00045
9.20229 0.00044
9.20505 0.00028
9.20950 0.00044
9.21341 0.00039
9.21749 0.00041
9.22115 0.00037
9.22563 0.00045
9.22912 0.00035
9.23482 0.00057
9.23882 0.00040
9.24415 0.00053
9.24845 0.00043
9.25383 0.00054
9.25821 0.00044
9.26333 0.00051
9.26794 0.00046
9.27133 0.00034
9.27606 0.00047
9.27885 0.00028
9.28375 0.00049
9.28826 0.00045
9.29375 0.00055
9.29756 0.00038
9.30110 0.00035
9.30585 0.00047
9.31085 0.00050
9.31542 0.00046
9.31960 0.00042
9.32368 0.00041
9.32741 0.00037
9.33231 0.00049
9.33674 0.00044
9.34104 0.00043
9.34530 0.00043
9.34854 0.00032
9.35413 0.00056
9.35739 0.00033
9.36218 0.00048
9.36595 0.00038
9.36967 0.00037
9.37421 0.00045
9.37867 0.00045
9.38275 0.00041
9.38785 0.00051
9.39184 0.00040
9.39453 0.00027
9.39925 0.00047
9.40324 0.00040
9.40735 0.00041
9.41131 0.00040
9.41652 0.00052
9.41981 0.00033
9.42418 0.00044
9.42756 0.00034
9.43181 0.00042
9.43593 0.00041
9.43859 0.00027
9.44369 0.00051
9.44790 0.00042
9.45206 0.00042
9.45644 0.00044
9.46054 0.00041
9.46504 0.00045
9.46852 0.00035
9.47344 0.00049
9.47700 0.00036
9.48051 0.00035
9.48488 0.00044
9.48849 0.00036
9.49310 0.00046
9.49638 0.00033
9.49977 0.00034
9.50382 0.00041
9.50730 0.00035
9.51142 0.00041
9.51563 0.00042
9.51889 0.00033
9.52390 0.00050
9.52725 0.00034
9.53220 0.00049
9.53636 0.00042
9.54106 0.00047
9.54490 0.00038
9.54933 0.00044
9.55453 0.00052
9.55901 0.00045
9.56298 0.00040
9.56758 0.00046
9.57365 0.00061
9.57925 0.00056
9.58435 0.00051
9.58924 0.00049
9.59476 0.00055
9.59893 0.00042
9.60492 0.00060
9.60940 0.00045
9.61413 0.00047
9.61862 0.00045
9.62312 0.00045
9.62801 0.00049
9.63214 0.00041
9.63637 0.00042
9.64002 0.00036
9.64460 0.00046
9.64883 0.00042
9.65224 0.00034
9.65704 0.00048
9.66263 0.00056
9.66667 0.00040
9.67273 0.00061
9.67744 0.00047
9.68141 0.00040
9.68592 0.00045
9.69178 0.00059
9.69697 0.00052
9.70094 0.00040
9.70591 0.00050
9.71139 0.00055
9.71566 0.00043
9.71914 0.00035
9.72470 0.00056
9.72847 0.00038
9.73321 0.00047
9.73754 0.00043
9.74300 0.00055
9.74807 0.00051
9.75271 0.00046
9.75726 0.00045
9.76163 0.00044
9.76638 0.00048
9.77001 0.00036
9.77464 0.00046
9.77883 0.00042
9.78371 0.00049
9.78667 0.00030
9.79179 0.00051
9.79464 0.00028
9.79812 0.00035
9.80309 0.00050
9.80649 0.00034
9.81065 0.00042
9.81465 0.00040
9.81838 0.00037
9.82273 0.00044
9.82649 0.00038
9.82927 0.00028
9.83287 0.00036
9.83714 0.00043
9.84028 0.00031
9.84529 0.00050
9.84881 0.00035
9.85253 0.00037
9.85600 0.00035
9.85932 0.00033
9.86465 0.00053
9.86796 0.00033
9.87158 0.00036
9.87606 0.00045
9.87992 0.00039
9.88354 0.00036
9.88817 0.00046
9.89204 0.00039
9.89694 0.00049
9.89993 0.00030
9.90442 0.00045
9.90771 0.00033
9.91194 0.00042
9.91672 0.00048
9.92041 0.00037
9.92369 0.00033
9.92789 0.00042
9.93118 0.00033
9.93498 0.00038
9.93983 0.00048
9.94300 0.00032
9.94791 0.00049
9.95107 0.00032
9.95482 0.00038
9.95958 0.00048
9.96269 0.00031
9.96753 0.00048
9.97116 0.00036
9.97527 0.00041
9.97963 0.00044
9.98448 0.00049
9.98860 0.00041
9.99357 0.00050
9.99826 0.00047
10.00325 0.00050
10.00798 0.00047
10.01358 0.00056
10.01827 0.00047
10.02268 0.00044
10.02688 0.00042
10.03115 0.00043
10.03524 0.00041
10.03996 0.00047
10.04459 0.00046
10.04867 0.00041
10.05363 0.00050
10.05707 0.00034
10.06106 0.00040
10.06465 0.00036
10.06896 0.00043
10.07341 0.00045
10.07681 0.00034
10.08105 0.00042
10.08646 0.00054
10.09075 0.00043
10.09533 0.00046
10.10037 0.00050
10.10407 0.00037
10.10872 0.00046
10.11302 0.00043
10.11759 0.00046
10.12221 0.00046
10.12682 0.00046
10.13044 0.00036
10.13489 0.00044
10.13854 0.00037
10.14281 0.00043
10.14620 0.00034
10.15064 0.00044
10.15550 0.00049
10.15955 0.00041
10.16459 0.00050
10.16899 0.00044
10.17274 0.00037
10.17734 0.00046
10.18144 0.00041
10.18494 0.00035
10.18870 0.00038
10.19304 0.00043
10.19703 0.00040
10.20157 0.00045
10.20534 0.00038
10.21009 0.00048
10.21444 0.00043
10.21876 0.00043
10.22376 0.00050
10.22763 0.00039
10.23173 0.00041
10.23537 0.00036
10.23913 0.00038
10.24384 0.00047
10.24883 0.00050
10.25337 0.00045
10.25827 0.00049
10.26448 0.00062
10.26976 0.00053
10.27387 0.00041
10.27873 0.00049
10.28309 0.00044
10.28756 0.00045
10.29279 0.00052
10.29679 0.00040
10.30114 0.00043
10.30392 0.00028
10.30783 0.00039
10.31251 0.00047
10.31748 0.00050
10.32357 0.00061
10.32819 0.00046
10.33323 0.00050
10.33783 0.00046
10.34207 0.00042
10.34656 0.00045
10.35080 0.00042
10.35396 0.00032
10.35770 0.00037
10.36129 0.00036
10.36509 0.00038
10.36956 0.00045
10.37442 0.00049
10.37832 0.00039
10.38283 0.00045
10.38672 0.00039
10.39149 0.00048
10.39538 0.00039
10.39915 0.00038
10.40251 0.00034
10.40542 0.00029
10.40882 0.00034
10.41270 0.00039
10.41595 0.00032
10.42008 0.00041
10.42530 0.00052
10.42968 0.00044
10.43266 0.00030
10.43662 0.00040
10.44125 0.00046
10.44512 0.00039
10.45093 0.00058
10.45454 0.00036
10.46041 0.00059
10.46421 0.00038
10.46949 0.00053
10.47384 0.00044
10.47842 0.00046
10.48263 0.00042
10.48678 0.00041
10.49084 0.00041
10.49408 0.00032
10.49830 0.00042
10.50277 0.00045
10.50701 0.00042
10.51173 0.00047
10.51599 0.00043
10.52049 0.00045
10.52372 0.00032
10.52898 0.00053
10.53353 0.00046
10.53803 0.00045
10.54456 0.00065
10.54988 0.00053
10.55512 0.00052
10.55970 0.00046
10.56541 0.00057
10.57083 0.00054
10.57583 0.00050
10.58125 0.00054
10.58550 0.00043
10.59093 0.00054
10.59507 0.00041
10.59990 0.00048
10.60366 0.00038
10.60763 0.00040
10.61177 0.00041
10.61566 0.00039
10.61988 0.00042
10.62473 0.00048
10.62937 0.00046
10.63294 0.00036
10.63768 0.00047
10.64241 0.00047
10.64651 0.00041
10.65000 0.00035
10.65416 0.00042
10.65885 0.00047
10.66297 0.00041
10.66725 0.00043
10.67153 0.00043
10.67501 0.00035
10.67909 0.00041
10.68297 0.00039
10.68744 0.00045
10.69221 0.00048
10.69766 0.00054
10.70177 0.00041
10.70712 0.00054
10.71087 0.00037
10.71692 0.00061
10.72114 0.00042
10.72598 0.00048
10.73081 0.00048
10.73567 0.00049
10.74051 0.00048
10.74574 0.00052
10.75028 0.00045
10.75482 0.00045
10.75893 0.00041
10.76278 0.00038
10.76743 0.00047
10.77193 0.00045
10.77537 0.00034
10.78072 0.00054
10.78474 0.00040
10.78928 0.00045
10.79296 0.00037
10.79772 0.00048
10.80269 0.00050
10.80687 0.00042
10.81223 0.00054
10.81649 0.00043
10.82047 0.00040
10.82494 0.00045
10.82907 0.00041
10.83381 0.00047
10.83815 0.00043
10.84197 0.00038
10.84750 0.00055
10.85184 0.00043
10.85720 0.00054
10.86106 0.00039
10.86651 0.00054
10.87076 0.00043
10.87422 0.00035
10.87775 0.00035
10.88297 0.00052
10.88719 0.00042
10.89266 0.00055
10.89714 0.00045
10.90249 0.00053
10.90839 0.00059
10.91293 0.00045
10.91733 0.00044
10.92254 0.00052
10.92622 0.00037
10.93059 0.00044
10.93445 0.00039
10.93888 0.00044
10.94316 0.00043
10.94763 0.00045
10.95285 0.00052
10.95733 0.00045
10.96266 0.00053
10.96699 0.00043
10.97245 0.00055
10.97743 0.00050
10.98202 0.00046
10.98715 0.00051
10.99161 0.00045
10.99571 0.00041
11.00067 0.00050
11.00540 0.00047
11.00999 0.00046
11.01423 0.00042
11.01823 0.00040
11.02295 0.00047
11.02816 0.00052
11.03264 0.00045
11.03785 0.00052
11.04089 0.00030
11.04586 0.00050
11.04973 0.00039
11.05436 0.00046
11.05920 0.00048
11.06319 0.00040
11.06794 0.00047
11.07168 0.00037
11.07604 0.00044
11.07933 0.00033
11.08438 0.00051
11.08853 0.00041
11.09336 0.00048
11.09727 0.00039
11.10198 0.00047
11.10586 0.00039
11.11009 0.00042
11.11432 0.00042
11.11917 0.00048
11.12388 0.00047
11.12886 0.00050
11.13356 0.00047
11.13855 0.00050
11.14280 0.00043
11.14714 0.00043
11.15149 0.00044
11.15538 0.00039
11.16011 0.00047
11.16424 0.00041
11.16846 0.00042
11.17282 0.00044
11.17624 0.00034
11.18129 0.00051
11.18507 0.00038
11.18973 0.00047
11.19326 0.00035
11.19724 0.00040
11.20090 0.00037
11.20490 0.00040
11.20937 0.00045
11.21290 0.00035
11.21687 0.00040
11.22141 0.00045
11.22542 0.00040
11.22887 0.00035
11.23316 0.00043
11.23677 0.00036
11.24064 0.00039
11.24475 0.00041
11.24864 0.00039
11.25128 0.00026
11.25481 0.00035
11.25896 0.00041
11.26222 0.00033
11.26537 0.00032
11.26864 0.00033
11.27197 0.00033
11.27513 0.00032
11.27855 0.00034
11.28162 0.00031
11.28512 0.00035
11.28825 0.00031
11.29080 0.00025
11.29457 0.00038
11.29794 0.00034
11.30087 0.00029
11.30483 0.00040
11.30819 0.00034
11.31245 0.00043
11.31661 0.00042
11.32011 0.00035
11.32508 0.00050
11.32789 0.00028
11.33107 0.00032
11.33503 0.00040
11.33878 0.00037
11.34213 0.00033
11.34616 0.00040
11.34844 0.00023
11.35270 0.00043
11.35610 0.00034
11.35983 0.00037
11.36433 0.00045
11.36836 0.00040
11.37331 0.00050
11.37807 0.00048
11.38224 0.00042
11.38664 0.00044
11.39266 0.00060
11.39852 0.00059
11.40326 0.00047
11.40755 0.00043
11.41118 0.00036
11.41536 0.00042
11.41957 0.00042
11.42371 0.00041
11.42675 0.00030
11.43085 0.00041
11.43544 0.00046
11.43957 0.00041
11.44476 0.00052
11.44851 0.00038
11.45275 0.00042
11.45611 0.00034
11.45950 0.00034
11.46298 0.00035
11.46642 0.00034
11.47055 0.00041
11.47330 0.00028
11.47791 0.00046
11.48219 0.00043
11.48703 0.00048
11.49184 0.00048
11.49775 0.00059
11.50214 0.00044
11.50665 0.00045
11.51183 0.00052
11.51679 0.00050
11.52092 0.00041
11.52566 0.00047
11.52998 0.00043
11.53513 0.00052
11.53912 0.00040
11.54433 0.00052
11.54882 0.00045
11.55311 0.00043
11.55774 0.00046
11.56175 0.00040
11.56747 0.00057
11.57218 0.00047
11.57775 0.00056
11.58261 0.00049
11.58721 0.00046
11.59181 0.00046
11.59597 0.00042
11.60068 0.00047
11.60564 0.00050
11.60985 0.00042
11.61375 0.00039
11.61743 0.00037
11.62232 0.00049
11.62629 0.00040
11.63044 0.00042
11.63455 0.00041
11.63904 0.00045
11.64350 0.00045
11.64750 0.00040
11.65174 0.00042
11.65625 0.00045
11.65995 0.00037
11.66444 0.00045
11.66822 0.00038
11.67210 0.00039
11.67562 0.00035
11.67948 0.00039
11.68330 0.00038
11.68843 0.00051
11.69243 0.00040
11.69604 0.00036
11.70092 0.00049
11.70475 0.00038
11.71046 0.00057
11.71508 0.00046
11.71870 0.00036
11.72366 0.00050
11.72754 0.00039
11.73131 0.00038
11.73544 0.00041
11.73971 0.00043
11.74451 0.00048
11.74837 0.00039
11.75225 0.00039
11.75649 0.00042
11.76036 0.00039
11.76496 0.00046
11.76945 0.00045
11.77372 0.00043
11.77927 0.00056
11.78239 0.00031
11.78556 0.00032
11.79102 0.00055
11.79478 0.00038
11.79985 0.00051
11.80446 0.00046
11.80882 0.00044
11.81370 0.00049
11.81868 0.00050
11.82279 0.00041
11.82696 0.00042
11.83077 0.00038
11.83455 0.00038
11.83867 0.00041
11.84181 0.00031
11.84473 0.00029
11.84835 0.00036
11.85106 0.00027
11.85440 0.00033
11.85939 0.00050
11.86422 0.00048
11.86996 0.00057
11.87452 0.00046
11.87961 0.00051
11.88409 0.00045
11.88796 0.00039
11.89246 0.00045
11.89625 0.00038
11.90053 0.00043
11.90462 0.00041
11.90884 0.00042
11.91319 0.00044
11.91744 0.00042
11.92131 0.00039
11.92507 0.00038
11.92941 0.00043
11.93365 0.00042
11.93751 0.00039
11.94232 0.00048
11.94665 0.00043
11.95019 0.00035
11.95423 0.00040
11.95838 0.00042
11.96250 0.00041
11.96678 0.00043
11.97011 0.00033
11.97402 0.00039
11.97706 0.00030
11.98142 0.00044
11.98565 0.00042
11.98931 0.00037
11.99327 0.00040
11.99912 0.00059
12.00295 0.00038
12.00820 0.00052
12.01232 0.00041
12.01667 0.00044
12.02138 0.00047
12.02442 0.00030
12.02878 0.00044
12.03318 0.00044
12.03725 0.00041
12.04125 0.00040
12.04597 0.00047
12.04914 0.00032
12.05228 0.00031
12.05760 0.00053
12.06160 0.00040
12.06632 0.00047
12.07125 0.00049
12.07514 0.00039
12.07966 0.00045
12.08399 0.00043
12.08802 0.00040
12.09164 0.00036
12.09602 0.00044
12.09997 0.00040
12.10340 0.00034
12.10799 0.00046
12.11105 0.00031
12.11491 0.00039
12.12001 0.00051
12.12445 0.00044
12.12906 0.00046
12.13368 0.00046
12.13925 0.00056
12.14446 0.00052
12.14894 0.00045
12.15455 0.00056
12.15935 0.00048
12.16426 0.00049
12.16831 0.00041
12.17315 0.00048
12.17801 0.00049
12.18223 0.00042
12.18763 0.00054
12.19107 0.00034
12.19628 0.00052
12.20018 0.00039
12.20526 0.00051
12.20879 0.00035
12.21388 0.00051
12.21701 0.00031
12.22123 0.00042
12.22538 0.00041
12.22903 0.00036
12.23286 0.00038
12.23628 0.00034
12.23943 0.00032
12.24292 0.00035
12.24644 0.00035
12.24961 0.00032
12.25278 0.00032
12.25671 0.00039
12.26096 0.00042
12.26401 0.00030
12.26897 0.00050
12.27265 0.00037
12.27632 0.00037
12.28080 0.00045
12.28473 0.00039
12.28883 0.00041
12.29295 0.00041
12.29712 0.00042
12.30170 0.00046
12.30554 0.00038
12.30848 0.00029
12.31306 0.00046
12.31708 0.00040
12.32114 0.00041
12.32485 0.00037
12.32945 0.00046
12.33433 0.00049
12.33849 0.00042
12.34230 0.00038
12.34739 0.00051
12.35176 0.00044
12.35644 0.00047
12.36196 0.00055
12.36753 0.00056
12.37137 0.00038
12.37671 0.00053
12.38149 0.00048
12.38635 0.00049
12.39094 0.00046
12.39545 0.00045
12.39996 0.00045
12.40395 0.00040
12.40925 0.00053
12.41257 0.00033
12.41702 0.00045
12.42115 0.00041
12.42610 0.00049
12.43082 0.00047
12.98845 0.05576
12.99355 0.00051
12.99921 0.00057
13.00653 0.00073
13.01363 0.00071
13.02052 0.00069
13.02523 0.00047
13.03273 0.00075
13.04110 0.00084
13.05088 0.00098
13.05582 0.00049
13.06136 0.00055
13.06854 0.00072
13.07252 0.00040
13.07763 0.00051
13.08440 0.00068
13.09068 0.00063
13.09624 0.00056
13.10476 0.00085
13.11197 0.00072
13.11777 0.00058
13.12281 0.00050
13.12756 0.00047
13.13377 0.00062
13.13990 0.00061
13.14325 0.00034
13.14772 0.00045
13.15271 0.00050
13.15648 0.00038
13.16180 0.00053
13.16784 0.00060
13.17243 0.00046
13.17826 0.00058
13.18224 0.00040
13.18782 0.00056
13.19233 0.00045
13.19763 0.00053
13.20255 0.00049
13.20709 0.00045
13.21345 0.00064
13.21846 0.00050
13.22211 0.00037
13.22723 0.00051
13.23324 0.00060
13.23930 0.00061
13.24658 0.00073
13.25214 0.00056
13.25797 0.00058
13.26306 0.00051
13.26885 0.00058
13.27407 0.00052
13.27988 0.00058
13.28572 0.00058
13.29021 0.00045
13.29514 0.00049
13.29912 0.00040
13.30461 0.00055
13.31017 0.00056
13.31527 0.00051
13.32177 0.00065
13.32787 0.00061
13.33293 0.00051
13.33770 0.00048
13.34310 0.00054
13.34928 0.00062
13.35474 0.00055
13.36042 0.00057
13.36490 0.00045
13.37082 0.00059
13.37556 0.00047
13.38005 0.00045
13.38452 0.00045
13.38723 0.00027
13.39205 0.00048
13.39714 0.00051
13.40417 0.00070
13.40975 0.00056
13.41432 0.00046
13.41977 0.00054
13.42621 0.00064
13.43066 0.00045
13.43622 0.00056
13.44167 0.00054
13.44606 0.00044
13.45181 0.00058
13.45621 0.00044
13.46031 0.00041
13.46444 0.00041
13.46736 0.00029
13.47269 0.00053
13.47837 0.00057
13.48407 0.00057
13.48975 0.00057
13.49474 0.00050
13.50006 0.00053
13.50664 0.00066
13.51216 0.00055
13.51812 0.00060
13.52271 0.00046
13.52778 0.00051
13.53360 0.00058
13.53761 0.00040
13.54243 0.00048
13.54574 0.00033
13.55007 0.00043
13.55602 0.00060
13.56222 0.00062
13.56837 0.00062
13.57374 0.00054
13.57820 0.00045
13.58521 0.00070
13.59039 0.00052
13.59548 0.00051
13.60109 0.00056
13.60507 0.00040
13.61162 0.00065
13.61706 0.00054
13.62238 0.00053
13.62555 0.00032
13.62988 0.00043
13.63522 0.00053
13.64091 0.00057
13.64647 0.00056
13.65214 0.00057
13.65681 0.00047
13.66332 0.00065
13.66780 0.00045
13.67233 0.00045
13.67774 0.00054
13.68246 0.00047
13.68815 0.00057
13.69361 0.00055
13.69918 0.00056
13.70391 0.00047
13.70669 0.00028
13.71140 0.00047
13.71659 0.00052
13.72290 0.00063
13.72789 0.00050
13.73283 0.00049
13.73769 0.00049
13.74450 0.00068
13.74915 0.00047
13.75369 0.00045
13.75887 0.00052
13.76447 0.00056
13.76967 0.00052
13.77595 0.00063
13.78061 0.00047
13.78385 0.00032
13.78722 0.00034
13.79160 0.00044
13.79692 0.00053
13.80213 0.00052
13.80616 0.00040
13.81133 0.00052
13.81689 0.00056
13.82265 0.00058
13.82700 0.00043
13.83221 0.00052
13.83658 0.00044
13.84118 0.00046
13.84798 0.00068
13.85323 0.00052
13.85861 0.00054
13.86333 0.00047
13.86601 0.00027
13.86952 0.00035
13.87424 0.00047
13.87810 0.00039
13.88299 0.00049
13.88562 0.00026
13.89130 0.00057
13.89672 0.00054
13.90159 0.00049
13.90694 0.00053
13.91203 0.00051
13.91648 0.00045
13.92175 0.00053
13.92792 0.00062
13.93311 0.00052
13.93811 0.00050
13.94280 0.00047
13.94569 0.00029
13.94957 0.00039
13.95458 0.00050
13.95867 0.00041
13.96302 0.00043
13.96570 0.00027
13.97030 0.00046
13.97563 0.00053
13.98045 0.00048
13.98556 0.00051
13.99105 0.00055
13.99452 0.00035
13.99911 0.00046
14.00445 0.00053
14.00976 0.00053
14.01454 0.00048
14.01959 0.00050
14.02373 0.00041
14.02819 0.00045
14.03171 0.00035
14.03712 0.00054
14.04320 0.00061
14.04658 0.00034
14.05158 0.00050
14.05653 0.00050
14.06214 0.00056
14.06633 0.00042
14.06964 0.00033
14.07370 0.00041
14.07773 0.00040
14.08328 0.00055
14.08839 0.00051
14.09274 0.00044
14.09772 0.00050
14.10329 0.00056
14.10626 0.00030
14.11043 0.00042
14.11565 0.00052
14.12147 0.00058
14.12570 0.00042
14.12931 0.00036
14.13453 0.00052
14.13867 0.00041
14.14217 0.00035
14.14582 0.00037
14.15015 0.00043
14.15475 0.00046
14.15878 0.00040
14.16304 0.00043
14.16847 0.00054
14.17270 0.00042
14.17716 0.00045
14.18224 0.00051
14.18519 0.00029
14.19082 0.00056
14.19628 0.00055
14.20370 0.00074
14.20680 0.00031
14.21150 0.00047
14.21629 0.00048
14.22024 0.00039
14.22354 0.00033
14.22698 0.00034
14.23192 0.00049
14.23570 0.00038
14.23968 0.00040
14.24523 0.00056
14.24851 0.00033
14.25179 0.00033
14.25626 0.00045
14.26098 0.00047
14.26483 0.00039
14.26743 0.00026
14.27127 0.00038
14.27648 0.00052
14.28121 0.00047
14.28573 0.00045
14.29007 0.00043
14.29549 0.00054
14.29936 0.00039
14.30289 0.00035
14.30737 0.00045
14.31199 0.00046
14.31624 0.00043
14.31922 0.00030
14.32216 0.00029
14.32759 0.00054
14.33234 0.00048
14.33706 0.00047
14.34136 0.00043
14.34558 0.00042
14.34969 0.00041
14.35395 0.00043
14.35927 0.00053
14.36377 0.00045
14.36739 0.00036
14.37353 0.00061
14.37781 0.00043
14.38189 0.00041
14.38653 0.00046
14.39208 0.00056
14.39705 0.00050
14.40100 0.00040
14.40626 0.00053
14.41122 0.00050
14.41561 0.00044
14.41995 0.00043
14.42453 0.00046
14.42738 0.00029
14.43236 0.00050
14.43509 0.00027
14.44065 0.00056
14.44522 0.00046
14.44889 0.00037
14.45349 0.00046
14.45764 0.00042
14.46188 0.00042
14.46657 0.00047
14.47121 0.00046
14.47640 0.00052
14.48015 0.00038
14.48521 0.00051
14.49009 0.00049
14.49541 0.00053
14.49966 0.00042
14.50487 0.00052
14.50763 0.00028
14.51186 0.00042
14.51634 0.00045
14.52130 0.00050
14.52616 0.00049
14.53057 0.00044
14.53573 0.00052
14.54114 0.00054
14.54602 0.00049
14.55210 0.00061
14.55668 0.00046
14.56019 0.00035
14.56464 0.00044
14.56866 0.00040
14.57363 0.00050
14.57738 0.00038
14.58230 0.00049
14.58674 0.00044
14.59116 0.00044
14.59648 0.00053
14.60170 0.00052
14.60642 0.00047
14.61059 0.00042
14.61610 0.00055
14.62110 0.00050
14.62488 0.00038
14.62922 0.00043
14.63562 0.00064
14.64003 0.00044
14.64446 0.00044
14.64896 0.00045
14.65446 0.00055
14.65794 0.00035
14.66083 0.00029
14.66620 0.00054
14.67024 0.00040
14.67476 0.00045
14.67952 0.00048
14.68521 0.00057
14.69016 0.00050
14.69538 0.00052
14.69969 0.00043
14.70386 0.00042
14.70820 0.00043
14.71389 0.00057
14.71946 0.00056
14.72240 0.00029
14.72601 0.00036
14.73059 0.00046
14.73519 0.00046
14.73907 0.00039
14.74245 0.00034
14.74819 0.00057
14.75324 0.00051
14.75832 0.00051
14.76256 0.00042
14.76782 0.00053
14.77396 0.00061
14.77809 0.00041
14.78318 0.00051
14.78785 0.00047
14.79167 0.00038
14.79687 0.00052
14.80103 0.00042
14.80397 0.00029
14.80742 0.00034
14.81141 0.00040
14.81681 0.00054
14.82054 0.00037
14.82495 0.00044
14.83036 0.00054
14.83558 0.00052
14.84028 0.00047
14.84529 0.00050
14.85159 0.00063
14.85652 0.00049
14.86106 0.00045
14.86586 0.00048
14.87009 0.00042
14.87486 0.00048
14.87956 0.00047
14.88331 0.00038
14.88772 0.00044
14.89021 0.00025
14.89651 0.00063
14.90123 0.00047
14.90512 0.00039
14.90900 0.00039
14.91225 0.00032
14.91650 0.00042
14.92097 0.00045
14.92510 0.00041
14.92965 0.00046
14.93562 0.00060
14.94108 0.00055
14.94629 0.00052
14.95088 0.00046
14.95477 0.00039
14.96000 0.00052
14.96421 0.00042
14.96894 0.00047
14.97135 0.00024
14.97524 0.00039
14.98001 0.00048
14.98410 0.00041
14.98877 0.00047
14.99242 0.00037
14.99645 0.00040
15.00211 0.00057
15.00684 0.00047
15.01265 0.00058
15.01714 0.00045
15.02138 0.00042
15.02637 0.00050
15.03095 0.00046
15.03473 0.00038
15.03854 0.00038
15.04259 0.00040
15.04573 0.00031
15.04875 0.00030
15.05218 0.00034
15.05471 0.00025
15.06000 0.00053
15.06365 0.00036
15.06761 0.00040
15.07178 0.00042
15.07735 0.00056
15.08168 0.00043
15.08660 0.00049
15.09091 0.00043
15.09696 0.00061
15.10166 0.00047
15.10496 0.00033
15.11005 0.00051
15.11440 0.00043
15.11789 0.00035
15.12206 0.00042
15.12568 0.00036
15.12819 0.00025
15.13259 0.00044
15.13495 0.00024
15.13911 0.00042
15.14384 0.00047
15.14770 0.00039
15.15015 0.00024
15.15342 0.00033
15.15903 0.00056
15.16297 0.00039
15.16674 0.00038
15.17133 0.00046
15.17631 0.00050
15.18224 0.00059
15.18673 0.00045
15.19184 0.00051
15.19654 0.00047
15.20020 0.00037
15.20479 0.00046
15.20805 0.00033
15.21072 0.00027
15.21488 0.00042
15.21740 0.00025
15.22161 0.00042
15.22759 0.00060
15.23108 0.00035
15.23423 0.00031
15.23942 0.00052
15.24523 0.00058
15.24899 0.00038
15.25299 0.00040
15.25716 0.00042
15.26391 0.00068
15.26736 0.00034
15.27095 0.00036
15.27527 0.00043
15.27915 0.00039
15.28370 0.00046
15.28875 0.00050
15.29393 0.00052
15.29732 0.00034
15.30048 0.00032
15.30544 0.00050
15.31043 0.00050
15.31353 0.00031
15.31742 0.00039
15.32341 0.00060
15.32775 0.00043
15.33257 0.00048
15.33596 0.00034
15.34310 0.00071
15.35024 0.00071
15.35721 0.00070
15.36090 0.00037
15.36407 0.00032
15.36918 0.00051
15.37351 0.00043
15.37884 0.00053
15.38362 0.00048
15.38865 0.00050
15.39386 0.00052
15.39797 0.00041
15.40149 0.00035
15.40890 0.00074
15.41361 0.00047
15.41712 0.00035
15.42183 0.00047
15.42827 0.00064
15.43345 0.00052
15.43957 0.00061
15.44350 0.00039
15.44642 0.00029
15.45123 0.00048
15.45552 0.00043
15.45960 0.00041
15.46566 0.00061
15.47042 0.00048
15.47584 0.00054
15.48021 0.00044
15.48528 0.00051
15.49136 0.00061
15.49570 0.00043
15.49920 0.00035
15.50373 0.00045
15.50917 0.00054
15.51412 0.00049
15.52003 0.00059
15.52452 0.00045
15.53021 0.00057
15.53543 0.00052
15.54028 0.00048
15.54500 0.00047
15.54997 0.00050
15.55492 0.00050
15.56062 0.00057
15.56535 0.00047
15.57144 0.00061
15.57592 0.00045
15.57991 0.00040
15.58328 0.00034
15.58925 0.00060
15.59454 0.00053
15.59976 0.00052
15.60474 0.00050
15.61029 0.00055
15.61551 0.00052
15.62045 0.00049
15.62434 0.00039
15.62923 0.00049
15.63321 0.00040
15.63844 0.00052
15.64257 0.00041
15.64960 0.00070
15.65469 0.00051
15.65953 0.00048
15.66305 0.00035
15.66726 0.00042
15.67272 0.00055
15.67803 0.00053
15.68325 0.00052
15.68797 0.00047
15.69294 0.00050
15.69778 0.00048
15.70228 0.00045
15.70667 0.00044
15.71184 0.00052
15.71730 0.00055
15.72190 0.00046
15.72855 0.00066
15.73472 0.00062
15.74031 0.00056
15.74409 0.00038
15.74711 0.00030
15.74998 0.00029
15.75314 0.00032
15.75714 0.00040
15.76257 0.00054
15.76831 0.00057
15.77349 0.00052
15.77858 0.00051
15.78345 0.00049
15.78792 0.00045
15.79311 0.00052
15.79810 0.00050
15.80173 0.00036
15.80753 0.00058
15.81366 0.00061
15.82035 0.00067
15.82617 0.00058
15.83027 0.00041
15.83378 0.00035
15.83938 0.00056
15.84471 0.00053
15.85064 0.00059
15.85684 0.00062
15.86131 0.00045
15.86612 0.00048
15.87025 0.00041
15.87462 0.00044
15.88006 0.00054
15.88537 0.00053
15.89095 0.00056
15.89727 0.00063
15.90393 0.00067
15.91011 0.00062
15.91409 0.00040
15.91737 0.00033
15.92272 0.00054
15.92864 0.00059
15.93445 0.00058
15.94023 0.00058
15.94567 0.00054
15.94989 0.00042
15.95489 0.00050
15.95968 0.00048
15.96540 0.00057
15.96976 0.00044
15.97545 0.00057
15.98057 0.00051
15.98624 0.00057
15.99230 0.00061
15.99727 0.00050
16.00235 0.00051
16.00792 0.00056
16.01361 0.00057
16.01807 0.00045
16.02275 0.00047
16.02875 0.00060
16.03263 0.00039
16.03696 0.00043
16.04268 0.00057
16.04753 0.00048
16.05150 0.00040
16.05661 0.00051
16.06181 0.00052
16.06693 0.00051
16.07066 0.00037
16.07675 0.00061
16.08121 0.00045
16.08436 0.00031
16.09041 0.00060
16.09611 0.00057
16.10057 0.00045
16.10494 0.00044
16.11127 0.00063
16.11571 0.00044
16.11985 0.00041
16.12584 0.00060
16.13063 0.00048
16.13439 0.00038
16.13912 0.00047
16.14480 0.00057
16.14918 0.00044
16.15341 0.00042
16.15912 0.00057
16.16423 0.00051
16.16769 0.00035
16.17346 0.00058
16.17677 0.00033
16.18040 0.00036
16.18441 0.00040
16.18777 0.00034
16.19129 0.00035
16.19478 0.00035
16.19953 0.00048
16.20388 0.00043
16.20959 0.00057
16.21448 0.00049
16.21842 0.00039
16.22254 0.00041
16.22785 0.00053
16.23259 0.00047
16.23696 0.00044
16.24216 0.00052
16.24705 0.00049
16.25001 0.00030
16.25633 0.00063
16.26158 0.00052
16.26689 0.00053
16.27200 0.00051
16.27876 0.00068
16.28339 0.00046
16.28943 0.00060
16.29452 0.00051
16.29965 0.00051
16.30369 0.00040
16.30748 0.00038
16.31317 0.00057
16.31843 0.00053
16.32286 0.00044
16.32805 0.00052
16.33206 0.00040
16.33725 0.00052
16.34271 0.00055
16.34825 0.00055
16.35373 0.00055
16.35943 0.00057
16.36493 0.00055
16.37045 0.00055
16.37630 0.00058
16.38053 0.00042
16.38450 0.00040
16.38862 0.00041
16.39346 0.00048
16.39880 0.00053
16.40446 0.00057
16.40909 0.00046
16.41396 0.00049
16.42094 0.00070
16.42641 0.00055
16.43283 0.00064
16.43744 0.00046
16.44274 0.00053
16.44868 0.00059
16.45417 0.00055
16.46036 0.00062
16.46604 0.00057
16.46999 0.00040
16.47465 0.00047
16.48030 0.00056
16.48595 0.00056
16.49124 0.00053
16.49716 0.00059
16.50407 0.00069
16.50903 0.00050
16.51530 0.00063
16.52062 0.00053
16.52572 0.00051
16.53141 0.00057
16.53687 0.00055
16.54173 0.00049
16.54741 0.00057
16.55165 0.00042
16.55640 0.00048
16.56125 0.00048
16.56644 0.00052
16.57273 0.00063
16.57878 0.00061
16.58460 0.00058
16.59053 0.00059
16.59587 0.00053
16.60190 0.00060
16.60641 0.00045
16.61139 0.00050
16.61686 0.00055
16.62263 0.00058
16.62832 0.00057
16.63314 0.00048
16.63926 0.00061
16.64370 0.00044
16.64880 0.00051
16.65423 0.00054
16.65954 0.00053
16.66666 0.00071
16.67156 0.00049
16.67704 0.00055
16.68185 0.00048
16.68766 0.00058
16.69203 0.00044
16.69883 0.00068
16.70352 0.00047
16.70970 0.00062
16.71565 0.00060
16.72114 0.00055
16.72639 0.00053
16.73091 0.00045
16.73662 0.00057
16.74108 0.00045
16.74606 0.00050
16.75248 0.00064
16.75840 0.00059
16.76349 0.00051
16.76953 0.00060
16.77402 0.00045
16.77841 0.00044
16.78494 0.00065
16.79052 0.00056
16.79670 0.00062
16.80141 0.00047
16.80750 0.00061
16.81317 0.00057
16.81816 0.00050
16.82335 0.00052
16.82770 0.00043
16.83388 0.00062
16.83972 0.00058
16.84515 0.00054
16.85061 0.00055
16.85641 0.00058
16.86115 0.00047
16.86722 0.00061
16.87397 0.00068
16.87954 0.00056
16.88495 0.00054
16.89032 0.00054
16.89506 0.00047
16.90025 0.00052
16.90544 0.00052
16.91014 0.00047
16.91565 0.00055
16.92231 0.00067
16.92787 0.00056
16.93244 0.00046
16.93984 0.00074
16.94469 0.00048
16.95027 0.00056
16.95681 0.00065
16.96347 0.00067
16.96941 0.00059
16.97485 0.00054
16.97958 0.00047
16.98480 0.00052
16.99083 0.00060
16.99471 0.00039
16.99969 0.00050
17.00564 0.00059
17.01070 0.00051
17.01525 0.00046
17.02095 0.00057
17.02634 0.00054
17.03059 0.00042
17.03750 0.00069
17.04379 0.00063
17.04812 0.00043
17.05398 0.00059
17.05798 0.00040
17.06254 0.00046
17.06848 0.00059
17.07345 0.00050
17.07878 0.00053
17.08316 0.00044
17.08872 0.00056
17.09368 0.00050
17.09867 0.00050
17.10362 0.00050
17.10917 0.00055
17.11388 0.00047
17.11911 0.00052
17.12406 0.00050
17.13110 0.00070
17.13595 0.00048
17.13948 0.00035
17.14492 0.00054
17.15075 0.00058
17.15607 0.00053
17.16030 0.00042
17.16637 0.00061
17.17162 0.00052
17.17767 0.00060
17.18221 0.00045
17.18552 0.00033
17.19075 0.00052
17.19628 0.00055
17.20264 0.00064
17.20890 0.00063
17.21558 0.00067
17.21934 0.00038
17.22440 0.00051
17.22989 0.00055
17.23631 0.00064
17.24163 0.00053
17.24698 0.00053
17.25205 0.00051
17.25762 0.00056
17.26077 0.00031
17.26372 0.00029
17.26817 0.00045
17.27275 0.00046
17.27734 0.00046
17.28395 0.00066
17.29111 0.00072
17.29617 0.00051
17.30162 0.00054
17.30584 0.00042
17.31312 0.00073
17.31914 0.00060
17.32554 0.00064
17.33000 0.00045
17.33557 0.00056
17.34079 0.00052
17.34552 0.00047
17.34941 0.00039
17.35424 0.00048
17.36003 0.00058
17.36512 0.00051
17.37073 0.00056
17.37797 0.00072
17.38221 0.00042
17.38798 0.00058
17.39165 0.00037
17.39722 0.00056
17.40363 0.00064
17.40938 0.00057
17.41407 0.00047
17.41977 0.00057
17.42435 0.00046
17.43020 0.00058
17.43454 0.00043
17.43992 0.00054
17.44519 0.00053
17.45029 0.00051
17.45591 0.00056
17.46315 0.00072
17.46737 0.00042
17.47355 0.00062
17.47780 0.00042
17.48337 0.00056
17.48822 0.00048
17.49437 0.00062
17.49842 0.00040
17.50421 0.00058
17.50871 0.00045
17.51390 0.00052
17.51922 0.00053
17.52434 0.00051
17.52944 0.00051
17.53492 0.00055
17.54037 0.00055
17.54883 0.00085
17.55186 0.00030
17.55801 0.00062
17.56217 0.00042
17.56785 0.00057
17.57317 0.00053
17.57802 0.00048
17.58280 0.00048
17.58844 0.00056
17.59262 0.00042
17.59796 0.00053
17.60253 0.00046
17.60874 0.00062
17.61298 0.00042
17.61806 0.00051
17.62275 0.00047
17.62666 0.00039
17.63033 0.00037
17.63498 0.00046
17.64089 0.00059
17.64767 0.00068
17.65372 0.00061
17.65773 0.00040
17.66245 0.00047
17.66778 0.00053
17.67274 0.00050
17.67675 0.00040
17.67925 0.00025
17.68182 0.00026
17.68705 0.00052
17.69100 0.00039
17.69538 0.00044
17.69971 0.00043
17.70594 0.00062
17.71065 0.00047
17.71536 0.00047
17.72154 0.00062
17.72883 0.00073
17.73414 0.00053
17.74010 0.00060
17.74459 0.00045
17.74892 0.00043
17.75426 0.00053
17.75956 0.00053
17.76395 0.00044
17.76636 0.00024
17.77110 0.00047
17.77423 0.00031
17.77960 0.00054
17.78382 0.00042
17.78912 0.00053
17.79448 0.00054
17.79920 0.00047
17.80549 0.00063
17.81097 0.00055
17.81848 0.00075
17.82496 0.00065
17.82815 0.00032
17.83228 0.00041
17.83786 0.00056
17.84403 0.00062
17.84880 0.00048
17.85181 0.00030
17.85505 0.00032
17.85966 0.00046
17.86461 0.00049
17.86875 0.00041
17.87274 0.00040
17.87862 0.00059
17.88303 0.00044
17.88882 0.00058
17.89364 0.00048
17.90071 0.00071
17.90574 0.00050
17.91135 0.00056
17.91386 0.00025
17.91715 0.00033
17.92090 0.00037
17.92428 0.00034
17.92936 0.00051
17.93361 0.00043
17.93872 0.00051
17.94404 0.00053
17.94803 0.00040
17.95425 0.00062
17.95889 0.00046
17.96439 0.00055
17.96899 0.00046
17.97410 0.00051
17.97836 0.00043
17.98239 0.00040
17.98823 0.00058
17.99328 0.00050
18.00003 0.00067
18.00569 0.00057
18.01201 0.00063
18.01736 0.00054
18.02324 0.00059
18.02740 0.00042
18.03320 0.00058
18.04034 0.00071
18.04568 0.00053
18.05078 0.00051
18.05502 0.00042
18.06095 0.00059
18.06547 0.00045
18.07055 0.00051
18.07567 0.00051
18.08026 0.00046
18.08534 0.00051
18.09046 0.00051
18.09605 0.00056
18.10225 0.00062
18.10717 0.00049
18.11356 0.00064
18.11902 0.00055
18.12667 0.00077
18.13113 0.00045
18.13671 0.00056
18.14103 0.00043
18.14578 0.00048
18.15051 0.00047
18.15646 0.00060
18.15997 0.00035
18.16325 0.00033
18.16678 0.00035
18.17197 0.00052
18.17678 0.00048
18.18275 0.00060
18.18832 0.00056
18.19355 0.00052
18.20008 0.00065
18.20542 0.00053
18.21257 0.00071
18.21705 0.00045
18.22226 0.00052
18.22655 0.00043
18.23160 0.00051
18.23557 0.00040
18.24174 0.00062
18.24694 0.00052
18.25181 0.00049
18.25705 0.00052
18.26153 0.00045
18.26615 0.00046
18.27155 0.00054
18.27730 0.00057
18.28334 0.00060
18.28942 0.00061
18.29596 0.00065
18.30178 0.00058
18.30733 0.00055
18.31193 0.00046
18.31689 0.00050
18.32099 0.00041
18.32561 0.00046
18.33222 0.00066
18.33630 0.00041
18.34141 0.00051
18.34536 0.00040
18.35191 0.00065
18.35928 0.00074
18.36487 0.00056
18.37042 0.00056
18.37599 0.00056
18.38326 0.00073
18.38824 0.00050
18.39383 0.00056
18.39889 0.00051
18.40421 0.00053
18.40738 0.00032
18.41103 0.00037
18.41454 0.00035
18.42111 0.00066
18.42557 0.00045
18.43064 0.00051
18.43535 0.00047
18.44135 0.00060
18.44785 0.00065
18.45196 0.00041
18.45743 0.00055
18.46258 0.00052
18.46843 0.00059
18.47482 0.00064
18.47981 0.00050
18.48516 0.00053
18.49117 0.00060
18.49493 0.00038
18.49870 0.00038
18.50536 0.00067
18.50950 0.00041
18.51548 0.00060
18.51846 0.00030
18.52510 0.00066
18.53091 0.00058
18.53530 0.00044
18.54012 0.00048
18.54618 0.00061
18.55102 0.00048
18.55659 0.00056
18.56217 0.00056
18.56804 0.00059
18.57225 0.00042
18.57835 0.00061
18.58302 0.00047
18.58726 0.00042
18.59365 0.00064
18.59707 0.00034
18.60264 0.00056
18.60664 0.00040
18.61287 0.00062
18.61826 0.00054
18.62309 0.00048
18.62854 0.00054
18.63447 0.00059
18.63853 0.00041
18.64491 0.00064
18.65010 0.00052
18.65543 0.00053
18.66175 0.00063
18.66721 0.00055
18.67176 0.00045
18.67852 0.00068
18.68264 0.00041
18.68714 0.00045
18.69203 0.00049
18.69769 0.00057
18.70304 0.00054
18.70853 0.00055
18.71288 0.00044
18.71781 0.00049
18.72340 0.00056
18.72813 0.00047
18.73375 0.00056
18.73870 0.00050
18.74265 0.00039
18.74814 0.00055
18.75406 0.00059
18.75877 0.00047
18.76580 0.00070
18.77030 0.00045
18.77470 0.00044
18.77866 0.00040
18.78469 0.00060
18.79003 0.00053
18.79550 0.00055
18.79986 0.00044
18.80432 0.00045
18.80964 0.00053
18.81447 0.00048
18.82042 0.00060
18.82465 0.00042
18.82950 0.00048
18.83448 0.00050
18.84033 0.00058
18.84791 0.00076
18.85446 0.00065
18.85870 0.00042
18.86295 0.00043
18.86735 0.00044
18.87335 0.00060
18.87918 0.00058
18.88335 0.00042
18.88777 0.00044
18.89238 0.00046
18.89711 0.00047
18.90153 0.00044
18.90764 0.00061
18.91128 0.00036
18.91617 0.00049
18.92095 0.00048
18.92702 0.00061
18.93172 0.00047
18.93790 0.00062
18.94339 0.00055
18.94678 0.00034
18.95222 0.00054
18.95681 0.00046
18.96191 0.00051
18.96698 0.00051
18.97281 0.00058
18.97718 0.00044
18.98226 0.00051
18.98648 0.00042
18.99182 0.00053
18.99654 0.00047
19.00259 0.00061
19.00524 0.00027
19.01035 0.00051
19.01579 0.00054
19.02029 0.00045
19.02768 0.00074
19.03182 0.00041
19.03493 0.00031
19.03953 0.00046
19.04363 0.00041
19.04887 0.00052
19.05382 0.00050
19.05915 0.00053
19.06361 0.00045
19.06765 0.00040
19.07240 0.00047
19.07686 0.00045
19.08312 0.00063
19.08668 0.00036
19.09200 0.00053
19.09747 0.00055
19.10215 0.00047
19.10650 0.00044
19.11269 0.00062
19.11818 0.00055
19.12160 0.00034
19.12614 0.00045
19.13013 0.00040
19.13533 0.00052
19.13886 0.00035
19.14431 0.00054
19.14928 0.00050
19.15483 0.00056
19.15982 0.00050
19.16440 0.00046
19.17119 0.00068
19.17700 0.00058
19.18069 0.00037
19.18587 0.00052
19.19140 0.00055
19.19470 0.00033
19.20113 0.00064
19.20692 0.00058
19.21026 0.00033
19.21515 0.00049
19.21891 0.00038
19.22410 0.00052
19.22751 0.00034
19.23306 0.00056
19.23814 0.00051
19.24264 0.00045
19.24776 0.00051
19.25232 0.00046
19.25848 0.00062
19.26432 0.00058
19.26819 0.00039
19.27362 0.00054
19.27909 0.00055
19.28537 0.00063
19.29197 0.00066
19.29786 0.00059
19.30282 0.00050
19.30661 0.00038
19.31219 0.00056
19.31612 0.00039
19.32234 0.00062
19.32730 0.00050
19.33252 0.00052
19.33995 0.00074
19.34608 0.00061
19.35116 0.00051
19.35516 0.00040
19.35944 0.00043
19.36524 0.00058
19.37204 0.00068
19.37880 0.00068
19.38426 0.00055
19.38925 0.00050
19.39285 0.00036
19.39870 0.00058
19.40280 0.00041
19.40837 0.00056
19.41346 0.00051
19.41781 0.00044
19.42399 0.00062
19.42995 0.00060
19.43613 0.00062
19.44131 0.00052
19.44457 0.00033
19.45014 0.00056
19.45595 0.00058
19.46261 0.00067
19.46832 0.00057
19.47424 0.00059
19.47886 0.00046
19.48283 0.00040
19.48757 0.00047
19.49209 0.00045
19.49797 0.00059
19.50257 0.00046
19.50706 0.00045
19.51289 0.00058
19.51918 0.00063
19.52475 0.00056
19.53080 0.00061
19.53423 0.00034
19.54049 0.00063
19.54692 0.00064
19.55246 0.00055
19.55860 0.00061
19.56449 0.00059
19.56799 0.00035
19.57389 0.00059
19.57842 0.00045
19.58448 0.00061
19.59003 0.00056
19.59391 0.00039
19.60010 0.00062
19.60578 0.00057
19.61111 0.00053
19.61583 0.00047
19.62023 0.00044
19.62517 0.00049
19.62907 0.00039
19.63548 0.00064
19.64103 0.00056
19.64852 0.00075
19.65312 0.00046
19.65680 0.00037
19.66251 0.00057
19.66802 0.00055
19.67306 0.00050
19.67794 0.00049
19.68315 0.00052
19.68950 0.00064
19.69445 0.00049
19.69979 0.00053
19.70450 0.00047
19.70923 0.00047
19.71272 0.00035
19.71576 0.00030
19.72050 0.00047
19.72632 0.00058
19.73297 0.00066
19.73840 0.00054
19.74336 0.00050
19.74713 0.00038
19.75260 0.00055
19.75829 0.00057
19.76313 0.00048
19.76771 0.00046
19.77426 0.00066
19.78079 0.00065
19.78697 0.00062
19.79208 0.00051
19.79619 0.00041
19.79972 0.00035
19.80468 0.00050
19.80955 0.00049
19.81528 0.00057
19.82077 0.00055
19.82550 0.00047
19.83010 0.00046
19.83556 0.00055
19.84078 0.00052
19.84648 0.00057
19.84993 0.00035
19.85493 0.00050
19.86051 0.00056
19.86667 0.00062
19.87324 0.00066
19.87734 0.00041
19.88241 0.00051
19.88668 0.00043
19.89126 0.00046
19.89633 0.00051
19.90002 0.00037
19.90421 0.00042
19.91045 0.00062
19.91587 0.00054
19.92045 0.00046
19.92553 0.00051
19.93112 0.00056
19.93644 0.00053
19.94203 0.00056
19.94636 0.00043
19.95294 0.00066
19.95922 0.00063
19.96264 0.00034
19.96722 0.00046
19.97191 0.00047
19.97555 0.00036
19.98018 0.00046
19.98552 0.00053
19.99140 0.00059
19.99785 0.00065
20.00213 0.00043
20.00751 0.00054
20.01239 0.00049
20.01737 0.00050
20.02315 0.00058
20.02667 0.00035
20.03238 0.00057
20.03603 0.00037
20.04172 0.00057
20.04616 0.00044
20.05127 0.00051
20.05559 0.00043
20.05953 0.00039
20.06326 0.00037
20.06855 0.00053
20.07259 0.00040
20.07815 0.00056
20.08456 0.00064
20.08988 0.00053
20.09500 0.00051
20.09850 0.00035
20.10264 0.00041
20.10746 0.00048
20.11189 0.00044
20.11670 0.00048
20.12114 0.00044
20.12585 0.00047
20.13059 0.00047
20.13509 0.00045
20.14016 0.00051
20.14549 0.00053
20.14994 0.00044
20.15349 0.00036
20.15844 0.00050
20.16402 0.00056
20.16982 0.00058
20.17694 0.00071
20.18184 0.00049
20.18642 0.00046
20.19038 0.00040
20.19475 0.00044
20.19938 0.00046
20.20433 0.00049
20.20919 0.00049
20.21377 0.00046
20.21858 0.00048
20.22370 0.00051
20.22808 0.00044
20.23353 0.00054
20.23731 0.00038
20.24134 0.00040
20.24537 0.00040
20.25024 0.00049
20.25470 0.00045
20.26100 0.00063
20.26800 0.00070
20.27398 0.00060
20.27723 0.00033
20.28138 0.00042
20.28644 0.00051
20.29033 0.00039
20.29590 0.00056
20.30061 0.00047
20.30429 0.00037
20.30896 0.00047
20.31332 0.00044
20.31768 0.00044
20.32328 0.00056
20.32743 0.00042
20.33297 0.00055
20.33684 0.00039
20.34130 0.00045
20.34725 0.00060
20.35439 0.00071
20.35988 0.00055
20.36474 0.00049
20.36846 0.00037
20.37295 0.00045
20.37754 0.00046
20.38150 0.00040
20.38645 0.00050
20.39149 0.00050
20.39654 0.00051
20.40219 0.00056
20.40649 0.00043
20.41144 0.00050
20.41557 0.00041
20.42116 0.00056
20.42549 0.00043
20.42925 0.00038
20.43385 0.00046
20.43939 0.00055
20.44633 0.00069
20.45094 0.00046
20.45735 0.00064
20.46138 0.00040
20.46621 0.00048
20.46984 0.00036
20.47648 0.00066
20.48148 0.00050
20.48481 0.00033
20.48783 0.00030
20.49203 0.00042
20.49687 0.00048
20.50197 0.00051
20.50544 0.00035
20.51162 0.00062
20.51587 0.00042
20.52174 0.00059
20.52788 0.00061
20.53409 0.00062
20.53914 0.00051
20.54439 0.00052
20.54866 0.00043
20.55421 0.00056
20.55764 0.00034
20.56229 0.00047
20.56888 0.00066
20.57274 0.00039
20.57766 0.00049
20.58281 0.00052
20.58705 0.00042
20.59230 0.00053
20.59611 0.00038
20.60136 0.00053
20.60681 0.00054
20.61264 0.00058
20.61821 0.00056
20.62247 0.00043
20.62597 0.00035
20.63025 0.00043
20.63602 0.00058
20.64018 0.00042
20.64695 0.00068
20.65166 0.00047
20.65827 0.00066
20.66331 0.00050
20.66800 0.00047
20.67272 0.00047
20.67734 0.00046
20.68237 0.00050
20.68640 0.00040
20.69157 0.00052
20.69734 0.00058
20.70218 0.00048
20.70833 0.00062
20.71535 0.00070
20.72060 0.00052
20.72614 0.00055
20.73075 0.00046
20.73668 0.00059
20.74193 0.00053
20.74855 0.00066
20.75352 0.00050
20.76030 0.00068
20.76526 0.00050
20.77134 0.00061
20.77581 0.00045
20.77991 0.00041
20.78623 0.00063
20.79057 0.00043
20.79621 0.00056
20.80163 0.00054
20.80792 0.00063
20.81301 0.00051
20.81726 0.00043
20.82369 0.00064
20.82876 0.00051
20.83461 0.00058
20.84038 0.00058
20.84472 0.00043
20.85091 0.00062
20.85663 0.00057
20.86182 0.00052
20.86657 0.00047
20.86993 0.00034
20.87626 0.00063
20.88104 0.00048
20.88774 0.00067
20.89513 0.00074
20.90034 0.00052
20.90592 0.00056
20.91233 0.00064
20.91700 0.00047
20.92165 0.00046
20.92785 0.00062
20.93228 0.00044
20.93763 0.00053
20.94318 0.00056
20.94869 0.00055
20.95353 0.00048
20.95944 0.00059
20.96525 0.00058
20.97058 0.00053
20.97534 0.00048
20.98039 0.00051
20.98647 0.00061
20.99289 0.00064
20.99903 0.00061
21.00500 0.00060
21.00900 0.00040
21.01444 0.00054
21.02057 0.00061
21.02519 0.00046
21.03102 0.00058
21.03657 0.00056
21.04082 0.00042
21.04642 0.00056
21.05020 0.00038
21.05681 0.00066
21.06153 0.00047
21.06496 0.00034
21.06833 0.00034
21.07221 0.00039
21.07802 0.00058
21.08306 0.00050
21.08914 0.00061
21.09415 0.00050
21.09763 0.00035
21.10207 0.00044
21.10843 0.00064
21.11267 0.00042
21.11742 0.00047
21.12296 0.00055
21.12864 0.00057
21.13385 0.00052
21.13941 0.00056
21.14332 0.00039
21.14913 0.00058
21.15302 0.00039
21.15851 0.00055
21.16470 0.00062
21.17066 0.00060
21.17606 0.00054
21.18199 0.00059
21.18591 0.00039
21.18993 0.00040
21.19527 0.00053
21.20071 0.00054
21.20532 0.00046
21.21101 0.00057
21.21592 0.00049
21.22093 0.00050
21.22738 0.00064
21.23244 0.00051
21.23738 0.00049
21.24264 0.00053
21.24844 0.00058
21.25402 0.00056
21.25993 0.00059
21.26357 0.00036
21.27076 0.00072
21.27518 0.00044
21.27882 0.00036
21.28415 0.00053
21.29031 0.00062
21.29478 0.00045
21.29974 0.00050
21.30447 0.00047
21.30992 0.00055
21.31665 0.00067
21.32138 0.00047
21.32744 0.00061
21.33264 0.00052
21.33907 0.00064
21.34462 0.00056
21.35058 0.00060
21.35420 0.00036
21.36074 0.00065
21.36484 0.00041
21.36982 0.00050
21.37381 0.00040
21.38012 0.00063
21.38641 0.00063
21.39223 0.00058
21.39695 0.00047
21.40218 0.00052
21.40849 0.00063
21.41296 0.00045
21.41900 0.00060
21.42469 0.00057
21.43002 0.00053
21.43519 0.00052
21.44116 0.00060
21.44480 0.00036
21.45074 0.00059
21.45523 0.00045
21.45994 0.00047
21.46541 0.00055
21.47143 0.00060
21.47712 0.00057
21.48294 0.00058
21.48778 0.00048
21.49240 0.00046
21.49648 0.00041
21.50168 0.00052
21.50558 0.00039
21.51155 0.00060
21.51698 0.00054
21.52260 0.00056
21.52777 0.00052
21.53104 0.00033
21.53409 0.00030
21.53733 0.00032
21.54205 0.00047
21.54594 0.00039
21.55006 0.00041
21.55456 0.00045
21.56035 0.00058
21.56529 0.00049
21.56957 0.00043
21.57524 0.00057
21.57997 0.00047
21.58537 0.00054
21.59098 0.00056
21.59562 0.00046
21.59998 0.00044
21.60397 0.00040
21.60881 0.00048
21.61473 0.00059
21.62072 0.00060
21.62540 0.00047
21.62986 0.00045
21.63591 0.00060
21.64003 0.00041
21.64548 0.00054
21.64886 0.00034
21.65227 0.00034
21.65736 0.00051
21.66071 0.00034
21.66692 0.00062
21.67252 0.00056
21.67856 0.00060
21.68289 0.00043
21.68725 0.00044
21.69307 0.00058
